50
250
u0
105
52 201 80 74 220 248 110 37 98 195 25 76 202 0 99 86 212 194 187 155 10 24 5 218 51 70 184 233 154 163 107 17 134 149 45 30 81 221 40 247 27 203 170 161 164 200 14 22 116 109 31 231 101 204 172 205 241 2 223 242 43 123 56 143 42 50 7 63 207 21 219 198 94 150 16 35 232 174 142 48 79 32 90 240 102 182 121 4 192 237 216 9 106 246 61 83 145 141 127 65 124 165 15 244 28 179 47 138 152 168 173 157 136 236 178 115 158 185 34 87 235 82 108 55 58 67 49 128 54 6 156 225 238 186 97 126 147 243 175 222 130 105 53 125 75 153 59 114 3 84 1 18 193 23 85 96 93 78 176 227 167 69 199 137 44 131 100 177 39 166 133 249 118 73 111 89 151 214 197 88 132 189 210 160 191 148 33 36 209 181 38 41 213 120 8 135 77 215 57 139 119 239 208 169 103 188 162 190 113 29 11 68 19 20 104 46 64 26 206 60 62 95 229 217 196 140 112 226 211 13 230 171 122 183 228 92 71 234 159 245 224 180 144 91 146 72 12 129 117 66
u1
70
138 31 167 84 225 224 152 58 37 95 180 44 52 235 191 147 124 97 70 171 108 212 178 186 189 86 195 133 153 128 220 163 79 61 142 197 198 11 160 22 129 231 156 113 234 233 51 94 104 174 68 9 122 242 76 6 92 3 161 55 99 145 18 185 43 118 66 172 15 123 72 204 150 184 1 249 26 41 93 132 110 146 244 91 0 2 105 214 209 188 207 154 12 85 28 80 36 182 114 203 16 83 144 170 87 62 166 208 71 45 162 101 177 89 27 33 141 193 74 226 159 181 19 34 47 50 23 115 164 77 14 149 243 30 63 155 137 48 238 54 206 223 39 169 136 100 168 69 5 107 213 175 59 187 183 179 130 121 216 245 228 7 139 131 103 229 13 64 165 40 211 102 126 10 176 200 222 202 227 65 201 20 35 8 98 239 38 24 32 78 57 151 148 134 90 210 237 205 82 56 25 75 218 230 127 236 60 232 248 140 109 111 240 158 192 215 173 42 88 117 112 219 120 106 96 17 135 67 247 217 199 46 196 194 81 190 246 49 241 119 53 4 221 157 116 21 143 125 29 73
u2
95
210 230 196 45 145 28 13 114 192 226 67 96 229 106 175 74 70 238 207 14 29 34 227 57 195 167 112 104 119 162 219 161 105 42 52 100 19 193 137 117 174 43 120 154 53 94 135 93 81 18 215 198 60 109 240 49 12 214 86 203 50 71 134 139 159 130 185 191 31 33 47 166 241 140 122 6 25 165 179 83 110 56 182 123 243 38 155 152 37 247 21 233 16 46 61 87 77 85 186 78 15 151 39 11 220 148 32 5 41 242 97 171 91 244 224 111 183 113 133 125 76 8 206 249 7 54 101 82 84 0 127 216 156 146 27 189 131 181 138 213 3 190 121 59 153 211 187 218 235 79 20 184 173 209 2 150 126 234 208 1 172 103 248 144 217 107 118 132 88 169 17 202 163 98 124 30 23 246 10 80 4 65 9 237 178 102 69 232 99 66 68 236 92 58 129 22 223 90 221 157 51 44 24 62 136 95 63 201 64 160 149 197 26 164 231 228 239 89 180 168 108 147 36 199 176 72 212 73 115 75 245 225 128 141 188 194 222 204 142 35 205 55 170 200 40 116 177 143 48 158
u3
124
136 145 166 235 165 39 103 113 167 0 29 158 36 194 224 28 46 102 155 71 72 223 131 156 118 119 11 64 4 83 89 228 199 40 92 13 205 207 41 164 122 236 176 183 249 17 204 200 7 116 246 112 94 227 230 22 162 159 15 226 209 177 170 123 34 152 187 111 27 168 171 148 19 190 55 163 74 93 186 137 245 179 196 160 212 80 193 172 219 68 174 202 214 82 6 100 173 25 99 192 76 206 169 180 43 109 110 87 79 142 59 189 234 84 143 30 218 133 120 90 60 62 35 185 182 121 16 242 244 42 88 220 24 184 175 222 127 195 67 33 85 232 203 210 106 63 12 139 51 225 140 150 149 114 153 21 98 31 81 107 48 14 241 86 3 69 23 201 5 18 9 44 129 58 108 20 141 61 125 105 134 104 197 138 1 240 117 56 237 95 128 188 154 50 217 124 10 77 66 101 126 78 115 75 38 208 181 216 221 32 49 97 26 233 2 229 37 146 54 73 215 132 157 53 135 47 8 91 70 248 151 238 147 130 144 213 198 243 57 45 52 211 65 191 247 231 161 96 239 178
u4
91
181 42 133 109 219 89 190 66 237 162 23 81 38 196 79 73 70 235 121 6 87 171 164 163 226 185 22 187 224 140 51 194 56 193 46 129 116 34 80 227 107 86 21 112 188 2 93 26 104 126 204 172 119 64 7 83 95 239 52 1 167 40 75 31 170 32 166 179 67 186 207 236 61 103 159 111 72 195 127 200 152 198 217 117 220 65 234 125 168 244 0 29 177 58 238 240 27 229 214 9 4 139 90 223 54 173 215 39 241 169 156 30 206 150 43 3 245 5 197 36 48 151 132 213 63 110 232 128 199 154 208 118 100 165 106 78 53 176 47 144 82 243 141 135 102 16 145 25 182 49 24 88 50 124 68 191 175 143 149 202 101 249 113 91 174 10 242 134 136 246 248 33 98 155 84 210 138 161 221 231 201 59 189 211 76 212 94 192 18 222 114 45 130 19 225 92 97 148 131 37 157 160 15 105 8 146 44 99 60 183 178 62 20 35 77 230 41 228 11 247 158 115 184 216 57 180 153 85 137 123 203 13 74 233 96 209 142 28 120 55 147 218 12 108 205 14 71 17 69 122
u5
69
114 206 239 53 136 90 232 9 39 5 111 0 26 203 108 100 97 217 110 98 24 107 6 237 112 209 48 226 35 175 145 59 172 63 159 14 234 104 58 228 129 208 7 25 91 222 34 135 199 17 10 163 180 219 207 106 12 173 125 186 65 240 126 144 120 188 105 202 140 214 119 43 88 86 45 64 1 230 78 47 23 55 82 44 221 165 37 19 60 161 50 193 67 241 69 147 52 150 28 158 29 81 20 56 152 141 154 162 73 204 184 210 138 243 192 49 85 213 246 30 247 170 46 171 80 197 194 245 169 89 223 18 167 95 130 51 102 87 166 128 75 134 176 185 142 99 72 137 62 149 242 122 70 76 225 189 22 41 66 27 61 198 201 233 205 236 244 115 15 33 3 156 79 11 164 127 132 178 31 83 32 74 168 123 21 249 155 93 92 174 116 36 227 57 229 157 77 121 109 148 54 118 42 153 191 101 235 94 4 151 96 183 133 40 220 139 68 216 103 211 190 38 8 187 146 195 215 182 196 2 238 131 224 143 124 13 177 200 218 212 248 84 181 117 179 16 231 113 160 71
u6
65
133 70 8 19 58 97 220 63 131 42 33 152 183 144 62 158 193 6 29 134 227 241 20 240 225 26 43 90 39 171 201 91 17 204 212 189 100 101 235 217 59 61 223 27 174 218 163 1 191 211 118 126 222 89 230 172 92 60 51 82 104 176 120 233 238 166 114 224 54 13 74 181 229 122 151 146 130 79 38 47 200 232 237 243 246 15 64 234 202 168 25 24 137 37 203 75 161 159 4 117 88 198 206 30 95 175 85 135 209 81 12 52 107 184 150 45 66 73 236 187 129 245 128 221 22 78 7 83 179 44 10 21 248 205 214 40 178 182 194 192 173 169 231 143 68 99 108 0 148 149 48 185 76 167 23 98 210 136 31 162 228 93 165 80 215 139 67 34 94 207 226 41 141 116 177 36 16 106 50 153 195 109 140 244 213 69 55 72 196 186 170 65 115 124 11 35 121 142 219 156 160 3 57 84 110 5 9 147 247 32 216 49 138 164 18 102 14 53 197 56 127 239 157 112 105 46 87 145 123 249 111 86 96 119 190 155 71 132 28 113 125 103 199 208 188 77 180 154 242 2
u7
89
123 219 218 0 152 103 111 26 12 187 64 145 88 178 84 85 100 161 15 70 7 174 248 230 226 20 109 3 153 146 200 33 45 211 68 225 124 125 24 62 110 156 204 81 140 50 141 170 203 97 4 127 157 166 193 121 75 148 176 78 199 229 5 114 242 105 25 8 27 58 134 19 17 159 212 74 126 192 73 72 14 195 197 169 16 120 107 188 60 227 240 122 130 56 135 185 191 76 102 31 95 2 131 223 151 22 201 165 34 214 63 245 247 47 21 224 228 65 106 18 77 194 6 117 142 241 69 36 67 28 115 164 52 51 79 49 48 171 149 184 44 37 237 183 128 196 101 71 243 158 54 118 215 222 173 10 202 93 198 249 113 53 23 143 108 29 13 231 86 87 39 189 92 61 89 83 182 190 177 205 172 46 40 181 221 216 233 43 132 80 41 144 246 235 9 1 82 94 66 35 119 163 186 136 138 167 232 11 30 168 139 217 155 57 220 91 162 236 234 133 244 213 38 175 104 208 42 90 207 59 96 32 99 137 210 55 154 147 209 150 98 116 180 160 239 206 238 112 129 179
u8
27
188 162 120 109 50 184 170 206 105 42 87 193 134 70 233 172 51 25 19 195 75 56 58 181 73 201 145 35 146 119 226 197 183 140 187 202 7 93 118 6 79 55 63 160 185 117 161 16 91 84 62 154 9 205 2 150 0 101 32 176 239 166 113 38 199 167 126 1 64 194 92 153 10 217 222 223 218 115 246 39 149 186 23 240 68 190 54 34 94 151 111 4 228 175 11 40 241 71 142 242 44 102 98 110 230 189 114 138 143 173 244 169 132 210 214 211 141 47 178 12 164 216 30 215 231 220 43 121 13 180 152 61 31 108 90 80 124 127 48 130 238 207 248 82 106 65 198 129 237 22 77 165 155 72 112 27 60 213 171 245 15 203 159 191 99 100 81 243 74 37 14 221 148 200 147 122 46 26 229 49 17 18 168 212 24 123 116 209 28 36 21 33 136 41 137 57 66 76 88 96 208 20 192 107 163 249 158 78 97 89 227 135 182 247 232 234 125 177 3 8 85 204 144 83 5 225 52 236 224 29 103 179 86 128 139 157 53 235 219 156 174 67 69 133 196 45 59 104 131 95
u9
118
68 108 166 238 146 121 216 101 207 64 182 241 178 214 24 133 119 202 93 74 67 45 63 57 242 109 170 34 193 53 40 222 77 217 117 172 201 1 171 103 209 240 189 161 151 90 246 112 195 154 225 249 95 98 100 111 156 248 4 145 233 132 176 116 148 245 175 47 62 198 228 141 11 130 231 160 14 184 230 174 83 39 54 235 38 149 70 150 169 223 239 164 123 179 205 94 204 218 200 127 186 107 7 192 0 21 16 79 85 18 20 66 91 114 206 226 23 73 237 234 199 236 3 203 139 15 22 247 211 125 227 158 32 37 229 19 208 177 8 56 75 61 155 118 5 46 105 33 137 110 81 180 213 134 76 243 173 78 26 157 131 197 60 51 92 220 163 29 86 212 88 194 52 84 232 115 102 120 168 89 124 147 188 191 187 113 13 28 153 2 196 41 25 82 97 12 219 181 17 6 59 162 144 71 27 36 99 72 106 142 10 122 183 44 30 185 221 159 165 49 43 65 129 135 167 42 140 138 210 143 87 55 136 80 35 104 48 190 152 58 96 224 215 9 69 50 31 128 244 126
u10
23
116 16 228 184 208 6 83 60 88 23 61 5 28 14 209 47 46 48 54 177 20 143 22 78 201 80 220 122 52 21 247 195 41 7 97 50 71 227 118 0 136 31 138 179 214 45 42 25 39 172 182 111 241 181 10 36 109 94 218 24 103 51 65 114 121 234 30 216 100 163 244 3 63 239 13 130 117 174 235 120 53 128 221 98 113 4 29 126 237 119 169 62 222 168 17 207 66 233 152 76 127 167 8 232 187 26 205 226 139 82 132 84 33 79 2 166 155 102 148 55 249 204 186 180 199 248 240 217 86 38 37 224 137 64 11 153 193 191 145 108 164 106 173 161 73 140 146 81 93 133 158 215 175 74 1 32 110 9 197 243 95 176 236 44 75 67 189 89 96 202 188 149 135 18 124 142 68 123 115 212 185 15 210 219 200 147 213 230 171 183 72 141 35 151 194 198 69 56 34 49 245 223 27 105 206 91 162 43 85 229 92 19 134 192 178 154 190 246 131 112 170 101 160 165 90 99 238 70 196 225 159 144 104 156 203 40 211 59 242 12 125 150 57 231 77 157 87 129 58 107
u11
23
127 90 10 202 201 62 190 92 56 34 225 68 116 129 28 208 106 161 184 108 185 204 218 163 3 93 46 249 160 118 192 117 50 84 8 132 29 48 99 155 17 38 110 207 1 177 175 206 133 95 130 101 157 85 214 246 220 137 21 227 146 200 194 13 52 182 172 11 40 120 42 70 45 173 19 0 60 121 174 242 165 77 168 199 144 230 153 47 219 232 22 15 16 72 32 55 49 221 166 149 30 150 140 23 147 27 226 25 134 229 183 244 96 179 143 119 123 228 122 124 58 97 115 241 6 213 217 186 209 44 197 195 176 7 78 5 239 234 36 125 210 79 9 63 73 112 223 98 74 126 247 158 18 86 20 187 233 216 152 41 196 91 67 180 131 64 24 35 178 191 37 59 33 87 81 53 203 236 31 57 104 193 170 139 51 128 75 243 100 142 54 82 2 61 151 188 135 103 76 94 162 12 212 156 237 198 141 171 88 148 39 66 109 248 169 114 136 235 205 65 154 83 89 71 26 105 167 164 145 159 113 69 181 111 215 224 238 14 222 231 4 107 102 245 43 211 80 240 138 189
u12
104
210 112 160 2 35 119 190 22 185 93 13 39 134 132 246 104 3 19 32 105 242 159 137 157 5 206 209 10 34 147 224 212 170 41 139 149 216 162 33 239 200 92 38 67 74 218 128 110 37 234 249 180 124 211 72 248 23 204 118 192 84 1 106 82 117 45 88 215 177 230 229 64 53 108 247 56 94 51 46 208 191 188 223 48 237 155 182 129 55 226 151 101 69 174 91 115 113 21 66 7 152 50 143 221 114 228 213 42 121 193 148 90 142 186 98 20 168 189 123 197 97 26 16 102 116 58 173 240 77 24 29 241 153 6 62 63 83 231 125 107 165 59 167 194 85 220 70 122 169 127 244 120 166 100 201 178 131 75 136 150 196 78 11 57 198 60 133 161 18 171 89 61 219 172 154 179 138 25 87 28 73 49 79 187 233 14 4 15 103 202 225 86 184 183 111 80 71 175 27 109 156 222 195 176 30 0 95 145 238 52 235 207 44 43 17 31 76 227 144 199 81 9 245 217 12 65 243 135 99 214 54 47 130 163 146 126 36 68 236 205 140 181 232 8 96 203 141 158 164 40
u13
87
87 76 89 39 54 155 240 36 231 28 190 199 194 141 172 220 105 126 17 228 4 24 174 51 153 119 46 177 38 61 143 212 196 116 232 75 184 57 178 45 52 145 117 25 62 147 137 239 1 129 9 237 168 71 181 249 106 33 67 103 124 187 84 53 230 59 139 5 180 0 31 185 100 65 207 66 98 50 236 195 179 223 73 111 142 188 233 214 55 10 203 191 11 69 77 6 63 108 135 146 208 99 118 218 79 130 183 8 173 215 209 229 83 64 48 144 112 152 101 197 20 175 29 95 213 82 225 93 34 166 44 156 22 186 167 70 201 26 164 94 102 72 86 182 90 245 68 104 159 138 193 92 35 221 109 169 234 49 189 200 32 151 154 158 14 227 23 131 91 134 171 13 40 122 170 127 246 18 149 248 176 88 114 60 85 243 244 96 115 198 165 121 211 123 241 224 222 41 217 120 150 132 226 238 3 160 242 110 56 30 162 107 140 148 210 204 12 202 206 58 219 205 136 78 47 7 43 15 113 2 235 27 128 192 37 80 133 247 97 21 19 42 157 163 74 81 125 161 16 216
u14
8
68 153 176 244 38 127 208 41 111 104 107 188 200 234 26 232 190 199 158 219 238 91 175 228 198 66 75 93 217 204 80 77 197 136 81 92 25 211 45 167 33 79 35 61 39 126 29 18 32 146 101 36 99 11 120 8 130 46 30 180 0 133 194 205 132 243 220 249 19 125 235 118 195 14 121 54 34 239 181 148 145 183 56 156 237 21 129 31 85 157 42 71 185 50 225 172 59 83 102 52 179 57 164 117 142 76 177 173 161 105 189 184 187 49 227 128 13 86 141 245 137 115 60 123 88 152 47 186 109 20 226 196 1 236 206 64 248 231 233 58 110 51 82 171 122 43 97 229 202 159 63 144 72 230 149 150 65 100 69 103 87 9 131 2 62 6 12 135 209 28 214 94 246 221 22 40 166 5 193 143 218 165 201 213 247 147 182 163 155 3 224 191 210 216 96 44 23 78 10 37 138 17 27 119 240 151 112 74 116 160 15 73 24 174 203 113 89 106 223 222 108 84 114 178 48 55 67 70 241 168 139 215 134 207 169 7 170 53 162 192 124 154 212 98 242 4 95 90 140 16
u15
115
17 49 189 178 166 72 15 42 243 233 91 177 180 146 151 152 1 70 214 168 188 106 211 199 124 173 54 226 61 38 102 56 24 46 210 41 62 76 234 40 130 82 244 104 79 220 126 57 105 185 223 110 74 184 150 183 133 116 119 235 209 147 155 53 193 16 132 18 60 34 141 203 131 65 239 216 27 136 249 37 89 219 247 25 181 10 158 31 109 112 129 45 97 231 230 165 68 163 26 99 205 221 121 43 142 100 64 36 19 232 154 23 80 149 157 103 8 245 195 58 159 172 83 39 29 75 11 140 30 81 153 93 33 167 186 138 5 227 208 115 13 241 139 169 125 127 4 69 84 32 85 197 134 107 137 98 176 162 161 171 0 237 246 144 28 174 156 92 215 145 187 228 63 52 204 192 50 108 101 196 87 194 238 47 94 164 86 118 35 206 88 95 113 224 218 248 213 3 71 55 114 240 67 96 78 148 7 117 111 2 9 182 123 143 22 21 120 90 51 170 44 229 48 77 20 59 66 212 14 225 73 200 175 128 190 202 217 160 122 222 198 6 135 179 12 191 236 207 242 201
u16
19
116 240 42 81 103 105 22 87 106 55 19 151 118 221 149 57 218 61 7 230 216 203 205 138 20 137 207 95 129 27 202 119 201 69 6 37 53 146 104 139 28 242 126 108 162 40 112 194 48 150 244 24 213 88 49 219 187 78 46 130 44 156 9 225 114 96 147 215 3 184 134 90 0 51 59 127 63 158 60 174 140 175 67 195 75 122 246 136 227 13 164 21 145 222 26 196 4 123 235 10 45 198 98 199 125 86 66 124 223 186 1 89 11 211 50 91 30 183 39 247 128 237 239 214 143 226 177 241 170 80 208 166 32 163 209 167 64 159 179 132 135 113 52 176 231 161 220 131 117 97 142 248 249 238 82 92 165 31 224 229 133 181 15 190 121 84 233 115 120 71 43 100 212 54 41 79 16 36 8 109 172 29 228 72 68 173 160 210 154 110 144 197 236 243 185 193 33 217 180 245 204 182 153 12 38 74 83 62 171 191 102 85 73 17 58 77 189 14 157 107 169 148 168 178 232 65 234 111 23 56 2 155 141 35 94 93 5 70 206 18 188 76 99 152 200 101 47 192 25 34
u17
17
211 16 9 10 188 166 183 186 143 49 37 171 73 229 132 136 80 205 105 225 202 111 51 131 201 178 40 240 187 71 86 175 245 6 4 224 55 15 118 217 139 236 19 163 58 167 0 123 79 177 23 176 173 165 134 1 169 18 137 218 35 122 25 64 126 214 160 219 110 203 248 179 199 231 38 200 206 115 230 180 242 41 65 89 60 20 244 27 146 29 142 238 119 121 194 246 226 83 152 68 43 90 17 153 215 11 106 159 76 107 72 129 69 39 3 50 85 197 174 12 157 233 168 216 190 94 196 99 148 47 184 101 161 48 141 114 44 144 5 198 125 133 108 88 221 13 87 135 112 91 67 45 109 243 81 32 61 59 92 222 116 182 34 228 158 78 70 181 21 31 66 82 98 156 74 14 149 33 100 164 234 191 96 140 26 147 52 192 232 193 209 62 223 237 54 204 24 102 103 239 2 120 128 172 104 151 210 170 155 208 150 57 22 28 117 227 124 113 247 195 36 56 241 213 77 95 235 7 220 212 154 84 162 138 30 127 75 130 189 249 8 207 145 53 93 46 185 42 63 97
u18
67
73 82 159 188 15 151 100 178 17 249 240 164 59 197 28 58 170 25 167 112 216 4 182 173 77 62 106 171 135 109 235 74 2 166 51 220 81 152 38 175 0 57 68 61 93 172 48 131 205 121 36 7 141 125 233 168 184 52 156 229 153 239 218 124 219 91 242 243 83 183 177 217 108 20 161 95 142 26 130 9 87 186 232 208 111 200 187 85 189 149 31 195 247 150 75 137 47 71 169 42 117 88 223 194 190 46 49 176 29 238 236 191 134 53 181 115 237 132 248 56 174 214 99 44 128 12 69 84 244 41 101 94 198 129 119 155 241 80 55 185 146 43 21 27 64 126 70 140 225 107 138 3 206 204 67 165 160 10 34 14 16 104 180 98 158 144 86 127 78 105 79 193 66 147 97 209 123 40 145 72 154 5 11 18 207 102 221 23 133 32 157 224 192 136 215 65 163 39 89 196 213 22 90 201 199 60 45 24 143 76 103 116 246 202 37 30 6 110 139 50 13 226 212 162 120 210 19 35 1 113 8 33 118 245 54 231 92 122 96 203 228 211 234 63 179 230 227 222 148 114
u19
38
70 151 15 137 124 184 221 173 85 169 205 58 236 225 105 115 247 69 43 163 98 129 33 110 206 20 46 101 136 93 100 239 133 140 233 172 28 202 47 224 51 164 166 245 29 76 84 49 168 177 128 65 126 230 37 146 41 104 244 231 112 86 176 95 81 59 161 203 228 167 67 74 3 109 191 141 83 57 232 23 243 194 187 99 208 91 132 42 234 24 147 204 125 71 82 249 32 201 14 6 4 218 35 16 34 199 60 214 27 171 211 123 238 246 143 113 145 50 219 0 237 242 90 209 54 220 138 210 122 213 222 175 66 174 227 87 5 88 156 44 159 131 106 183 10 155 26 68 127 229 120 13 78 96 1 92 25 21 198 130 200 17 9 216 7 162 180 158 55 103 102 217 149 73 19 72 77 116 248 178 40 241 179 192 212 12 80 89 139 64 31 188 111 119 36 52 148 152 79 75 144 160 135 235 207 61 11 108 142 94 181 18 30 186 170 114 196 182 165 22 215 45 185 150 39 223 38 240 53 157 63 121 195 226 8 154 190 189 107 56 118 193 48 117 62 153 97 197 2 134
u20
77
197 133 39 201 189 81 20 48 224 171 78 129 190 35 11 222 147 184 205 131 192 177 230 231 142 75 174 236 214 22 247 107 183 161 239 13 60 34 42 29 203 50 58 180 248 187 162 196 113 26 117 175 28 217 54 137 140 45 143 167 59 69 179 10 182 101 86 0 63 23 61 7 188 244 154 134 116 207 57 157 12 115 44 130 18 102 109 202 170 151 70 40 49 8 127 234 165 153 195 53 132 38 223 149 186 98 176 206 215 76 225 172 198 221 90 249 241 121 51 37 168 240 4 141 2 208 122 95 163 235 82 62 138 6 194 105 229 238 164 104 219 178 27 36 110 166 17 85 32 92 213 15 3 139 216 46 33 55 106 155 209 120 9 232 93 79 94 88 71 199 204 233 66 200 156 80 242 148 158 99 227 83 30 245 25 226 108 146 68 152 16 111 228 218 52 24 181 136 100 212 243 91 114 185 103 191 118 21 237 119 64 124 159 220 65 87 173 77 246 47 210 41 19 150 123 145 84 96 73 43 128 97 135 72 5 89 31 67 211 126 1 160 112 193 125 14 144 169 56 74
u21
6
229 88 80 86 21 210 62 47 124 227 104 30 186 51 147 46 41 233 107 14 172 32 93 137 0 187 8 33 139 123 71 106 247 17 105 208 9 200 94 103 157 48 42 191 76 142 113 166 169 112 120 73 114 184 159 92 11 19 209 15 79 87 83 75 119 127 155 90 77 170 84 89 108 151 149 236 232 129 150 65 156 173 143 243 10 109 245 4 205 214 122 125 24 237 246 238 50 31 26 181 195 194 192 215 171 28 161 213 116 13 204 22 1 212 34 148 95 85 242 167 199 138 216 225 18 54 81 57 198 59 240 244 64 56 99 6 234 211 152 203 133 220 180 61 230 145 67 126 25 226 12 63 27 82 43 241 110 35 168 134 96 115 98 248 72 146 158 197 69 16 201 52 121 23 135 128 177 132 20 228 188 2 117 189 136 185 196 60 183 140 164 111 221 176 219 130 141 178 224 153 5 7 74 37 222 38 78 101 29 3 239 190 154 235 207 144 206 165 70 91 68 231 45 58 66 174 36 118 249 179 131 53 44 175 223 182 218 97 202 40 160 217 162 102 55 193 163 49 100 39
u22
45
247 167 98 73 70 128 144 41 116 24 59 191 131 139 239 164 5 141 3 31 246 186 175 137 129 14 217 143 58 107 40 123 150 193 234 245 72 243 97 163 226 201 249 122 90 16 212 22 92 161 236 2 227 86 198 23 45 142 37 187 233 87 85 69 189 77 74 121 219 26 220 52 154 7 66 145 51 177 132 248 197 190 114 17 232 183 140 208 36 57 27 151 34 172 109 181 110 117 125 182 71 218 25 67 148 76 229 210 89 99 203 165 169 195 223 238 241 176 82 204 38 103 102 228 155 62 126 30 20 221 158 91 152 192 0 100 19 79 111 173 56 127 68 29 115 138 93 47 160 8 32 94 244 106 168 95 54 179 207 214 9 104 28 118 162 156 84 180 33 50 211 196 237 185 178 133 224 200 209 242 202 21 230 46 157 42 124 199 65 105 130 159 194 136 184 108 18 6 81 222 205 134 153 83 49 135 4 60 15 174 96 216 206 48 171 101 88 13 113 11 53 149 39 75 63 64 1 44 112 120 231 225 240 166 119 55 147 43 215 146 78 35 80 170 188 213 12 61 10 235
u23
52
32 249 231 95 159 12 213 1 89 132 76 20 40 164 179 180 27 182 65 5 125 4 145 113 162 87 24 62 139 90 195 36 203 154 107 6 80 161 142 215 151 116 103 163 196 156 150 114 31 146 43 49 9 211 63 191 123 240 173 152 119 221 186 149 35 172 30 137 247 232 135 217 111 14 234 69 88 248 16 15 66 21 10 23 98 99 28 44 22 241 245 115 136 60 67 185 223 171 68 120 50 246 244 206 194 210 54 243 71 81 0 169 131 82 58 79 52 75 77 165 209 78 224 237 168 174 57 129 187 18 239 47 198 236 233 91 177 178 97 33 207 181 100 39 34 124 85 153 45 148 167 19 118 227 11 26 199 94 42 110 13 219 38 183 228 157 160 121 105 122 59 201 200 212 55 117 8 176 128 127 170 51 189 37 96 184 226 141 17 104 202 7 102 197 144 73 158 134 208 188 46 84 56 238 41 175 3 220 218 112 2 25 242 230 126 216 155 130 235 86 140 64 204 72 74 109 190 225 192 193 205 214 138 108 166 143 222 29 133 93 53 229 106 70 83 101 147 48 92 61
u24
52
238 135 99 16 200 113 100 81 210 79 207 157 136 147 85 174 169 15 209 6 78 50 244 167 193 163 102 151 142 220 104 13 43 106 32 101 224 19 95 150 17 26 185 240 216 8 80 97 212 155 156 184 183 129 236 41 44 3 171 230 181 179 229 108 172 138 107 93 59 20 18 46 33 201 131 149 115 25 24 208 192 205 158 222 173 176 84 71 69 72 21 73 0 47 214 213 120 141 35 175 246 109 118 48 188 234 58 7 27 194 177 187 37 123 87 60 170 162 127 86 22 189 128 165 215 122 199 45 217 56 75 228 119 249 54 248 53 76 180 130 247 67 57 114 232 242 154 34 63 160 231 68 83 243 134 98 91 90 203 96 196 211 227 74 164 14 148 36 82 137 182 225 124 121 197 39 29 178 52 166 92 64 239 133 9 159 125 237 204 94 10 42 49 66 190 221 70 1 152 77 31 218 153 206 226 40 233 65 139 111 28 146 116 245 105 126 161 202 168 198 103 140 117 235 195 23 132 61 55 110 219 145 241 144 5 38 89 143 2 12 223 4 51 30 62 191 11 88 186 112
u25
82
111 183 199 79 143 57 152 62 58 166 191 52 168 6 210 179 30 190 225 17 85 141 133 86 145 184 129 242 98 172 63 122 198 55 160 138 215 109 218 74 147 115 193 132 48 142 121 216 16 101 159 174 25 41 54 78 50 26 178 245 248 104 181 90 228 167 124 247 149 44 7 14 80 188 106 84 38 51 246 134 156 212 29 237 72 60 76 67 235 196 151 240 61 32 180 42 229 165 37 112 45 192 175 195 158 233 4 110 1 82 221 96 230 185 227 206 33 83 88 154 93 236 202 100 23 46 176 77 123 11 177 211 116 186 102 5 150 244 47 9 144 119 155 241 71 59 239 226 107 56 94 66 207 137 128 91 20 204 182 2 73 92 15 68 75 213 136 243 95 120 223 64 189 231 224 169 194 49 8 171 69 125 201 238 27 87 173 217 222 127 12 187 131 89 135 163 21 234 35 13 28 232 146 139 118 214 148 140 65 203 81 70 153 36 209 22 10 34 197 208 161 3 39 200 24 0 31 19 108 114 43 40 18 99 53 170 205 220 219 103 249 126 130 105 157 113 162 97 164 117
u26
38
212 34 47 9 16 226 241 180 127 106 206 193 195 58 61 78 162 224 18 231 79 217 95 115 121 223 168 189 37 69 233 130 173 227 209 149 238 81 27 131 42 221 10 14 65 108 138 203 59 155 169 48 176 218 158 152 2 11 35 246 101 222 163 175 124 192 239 25 113 188 249 139 43 183 191 111 112 165 91 60 225 40 20 70 52 26 41 216 136 73 182 237 240 179 72 151 31 77 190 100 160 67 171 117 102 68 141 187 234 145 62 164 154 214 99 143 123 125 142 86 85 32 196 178 122 150 5 28 71 161 207 8 156 236 105 128 104 15 135 244 185 63 229 242 29 181 148 132 119 17 98 235 134 172 66 157 201 94 0 54 4 83 137 19 243 208 219 55 90 167 210 186 7 84 46 1 174 228 57 49 76 118 177 147 213 44 64 166 51 194 36 120 80 92 13 204 184 6 129 12 215 159 200 56 30 211 116 24 114 87 144 39 146 22 170 53 3 153 202 198 248 245 103 109 93 230 97 82 110 107 133 247 140 33 89 23 126 38 96 205 21 199 197 220 88 45 75 232 50 74
u27
79
168 197 215 55 5 37 225 60 147 61 97 52 120 236 48 34 47 90 238 141 143 10 71 83 6 242 30 161 41 124 0 115 140 211 81 56 159 219 128 123 33 68 101 246 200 87 25 135 100 84 17 54 103 165 86 126 230 9 109 77 176 179 117 190 69 28 58 245 7 104 29 153 182 199 67 45 43 38 187 169 11 171 167 213 229 72 183 227 198 112 212 222 228 130 14 248 134 8 106 40 18 216 152 138 202 137 191 158 174 92 49 217 89 16 107 180 195 116 196 223 99 204 119 181 46 44 175 208 127 1 118 184 96 78 170 59 178 163 206 150 98 122 235 110 151 132 51 113 35 12 4 214 233 22 75 39 62 15 232 20 23 220 144 91 155 63 73 186 76 93 50 121 94 80 139 125 21 157 133 154 129 162 224 226 164 95 24 247 53 243 203 201 57 131 239 237 32 64 82 111 160 146 148 231 3 70 149 234 172 26 79 241 205 85 209 207 74 244 42 19 2 13 177 210 240 142 173 249 185 66 114 108 188 36 88 27 192 105 166 65 136 189 102 31 221 145 156 193 218 194
u28
92
26 241 151 62 114 119 40 14 245 77 50 157 68 123 101 45 18 125 183 20 187 122 171 240 180 115 232 247 96 228 214 138 186 243 139 133 72 199 15 49 7 29 58 211 181 4 168 189 34 196 225 239 23 78 144 9 159 190 152 155 218 131 13 80 153 11 213 178 141 179 156 53 86 164 92 64 230 129 54 111 126 100 224 242 132 154 56 193 173 248 70 52 79 246 203 107 98 142 124 226 2 94 61 33 174 134 17 146 150 140 35 27 136 188 87 5 85 24 93 161 202 12 43 172 197 84 130 71 25 67 236 1 6 222 204 145 143 21 60 48 195 63 160 42 137 66 170 76 3 0 192 112 90 167 233 103 104 51 97 223 120 165 163 108 235 32 89 212 158 176 109 227 69 106 148 128 82 216 175 205 220 28 10 207 36 95 55 121 209 113 41 83 88 46 177 198 237 31 208 215 75 59 182 81 249 231 169 47 200 39 19 221 38 201 105 185 37 217 8 127 147 65 73 22 99 234 30 244 117 135 110 191 16 194 149 116 57 118 162 206 229 238 184 219 91 166 210 44 102 74
u29
106
60 201 108 171 2 118 147 177 79 106 196 135 183 64 240 42 129 220 166 174 107 158 155 26 104 202 237 203 63 133 225 101 205 241 109 78 245 151 83 47 96 34 165 97 122 67 131 18 186 123 8 228 103 146 61 39 195 43 73 82 141 12 81 4 234 160 169 84 214 41 180 30 175 197 176 32 44 217 192 31 50 119 242 46 70 207 136 206 204 125 74 111 213 142 114 25 235 167 198 137 248 134 76 37 232 100 162 249 95 209 159 200 178 5 120 185 128 184 92 212 218 148 227 224 58 40 236 57 77 139 230 121 1 29 110 145 51 199 152 102 59 9 208 191 66 144 35 11 113 7 211 216 16 247 21 3 173 98 38 10 55 222 115 170 68 168 112 22 231 15 246 238 124 181 243 14 75 229 116 149 157 27 164 140 138 156 36 239 153 53 45 17 85 49 163 56 223 189 20 48 69 62 86 54 33 194 188 24 161 226 127 126 80 65 99 105 233 52 179 0 93 215 23 143 130 87 90 172 154 150 221 28 13 71 210 244 219 89 91 117 88 187 94 182 193 19 190 132 6 72
u30
115
40 49 82 127 132 249 99 213 186 11 147 246 79 46 225 129 106 72 60 114 142 93 228 84 138 20 230 94 245 173 86 58 10 98 17 216 96 165 146 109 209 226 210 50 39 238 195 212 207 134 63 179 158 122 31 28 231 57 67 153 183 140 75 169 21 236 62 224 247 168 92 18 202 32 215 136 145 113 135 217 16 88 161 144 89 83 203 107 205 189 156 237 95 4 90 199 100 54 44 240 130 118 19 201 248 27 148 68 126 1 97 41 51 137 29 241 117 124 33 91 56 157 221 196 80 9 22 163 116 102 182 185 204 15 194 71 73 172 42 45 74 133 81 128 87 229 167 154 26 149 30 66 190 219 70 151 141 214 171 121 232 198 243 192 7 175 143 8 223 152 150 25 64 174 242 52 65 103 211 239 164 235 115 37 105 187 159 5 38 178 181 160 2 119 101 43 180 61 108 193 234 176 13 244 3 36 47 69 55 77 0 206 162 222 120 112 78 155 53 218 76 125 24 131 123 191 34 208 12 170 85 23 220 111 35 14 200 104 166 110 48 59 139 233 6 184 197 188 227 177
u31
74
94 100 95 98 145 218 144 12 107 13 198 88 184 74 170 160 108 54 6 121 42 70 2 51 149 169 97 62 234 80 56 240 86 58 5 67 191 247 228 76 119 205 92 122 168 91 216 26 63 8 7 128 246 177 221 124 15 217 14 179 249 199 159 32 33 96 43 102 37 132 231 161 178 232 68 64 158 21 171 29 115 22 244 113 99 3 197 189 140 135 245 215 248 114 61 11 163 204 143 34 52 208 183 164 241 213 139 167 78 66 84 104 27 233 193 112 153 181 214 146 147 227 210 165 103 48 175 19 53 203 85 196 243 220 154 219 123 41 125 141 155 39 93 133 136 49 162 105 18 17 25 57 60 73 83 10 242 212 0 87 4 75 166 187 72 151 226 45 150 9 237 120 238 211 82 23 89 207 111 174 71 239 134 224 101 138 116 79 156 65 46 223 180 1 186 236 137 109 59 16 148 44 176 130 202 182 229 172 195 35 31 55 190 201 142 209 69 40 200 117 185 90 127 24 230 126 20 235 152 173 118 129 110 50 222 131 47 28 30 194 36 192 106 38 81 77 188 206 157 225
u32
52
133 112 88 128 52 195 170 86 56 232 201 38 108 225 7 230 141 117 168 218 198 138 126 189 55 100 12 162 156 245 44 174 160 139 24 35 197 97 32 181 221 2 49 132 137 215 194 202 41 103 131 169 147 129 54 190 1 63 134 58 34 212 39 123 9 40 196 214 247 74 234 211 30 159 191 125 25 208 66 246 144 73 102 150 157 118 104 239 47 80 61 43 243 5 209 240 171 151 148 105 85 99 98 238 121 116 222 48 95 236 122 154 114 8 23 93 164 110 45 11 177 111 107 50 81 18 94 37 217 120 172 92 206 115 158 220 223 76 180 15 241 26 21 135 142 78 249 89 153 207 124 173 33 46 187 57 68 106 36 140 27 65 231 205 193 199 113 51 22 53 109 237 127 62 188 229 83 136 82 0 10 233 186 96 143 152 60 166 200 224 19 42 178 242 185 235 13 161 210 90 87 31 227 182 70 75 183 204 192 72 84 130 165 167 163 175 29 59 20 248 176 228 91 64 101 203 6 67 14 149 216 16 77 69 145 244 184 146 4 71 17 219 226 3 79 155 213 179 28 119
u33
74
209 53 74 105 51 143 65 9 103 113 135 18 197 68 17 45 83 175 144 248 12 28 230 61 64 66 49 123 236 136 226 3 134 70 177 173 78 69 127 30 32 191 223 111 85 31 34 148 89 122 164 166 1 219 198 54 216 201 131 196 130 4 2 41 40 170 77 171 124 181 107 152 218 109 199 118 5 24 160 71 43 153 60 141 6 241 229 169 193 178 48 239 112 179 220 35 214 55 174 186 88 195 119 145 39 221 188 240 91 80 182 11 238 245 7 106 133 8 234 23 98 207 204 210 190 13 115 162 22 57 225 63 56 208 163 129 100 14 42 125 121 237 16 19 212 97 90 139 26 108 243 73 126 180 59 138 161 101 132 0 29 211 228 44 110 104 10 142 246 58 184 232 79 20 50 194 203 38 82 72 84 165 52 128 176 62 189 151 159 157 46 93 231 36 117 187 242 75 244 206 92 33 37 172 76 192 95 149 25 21 15 200 81 87 217 213 94 247 67 168 235 205 99 146 27 150 96 227 224 158 183 215 120 233 202 222 249 102 86 155 116 147 137 114 185 154 156 47 140 167
u34
22
232 239 79 35 245 66 249 37 32 202 246 237 92 228 83 54 188 193 222 219 223 116 157 107 227 213 207 78 164 144 15 74 248 76 36 233 26 121 132 19 122 156 53 197 64 111 95 160 212 4 93 142 69 210 196 203 84 205 247 217 39 208 241 174 25 98 134 180 81 112 99 181 123 224 102 201 104 105 55 240 149 175 159 75 204 168 21 3 218 236 63 14 184 177 186 5 65 59 214 183 161 171 225 139 91 45 194 226 28 72 58 136 48 158 27 20 127 238 62 152 130 206 178 189 162 110 108 242 234 165 85 138 151 231 124 173 220 120 131 51 44 170 77 154 30 147 49 190 10 9 118 153 1 16 61 113 146 47 141 137 229 101 235 198 41 97 56 13 22 126 176 145 179 192 17 215 150 103 187 38 34 67 7 135 0 221 182 199 88 185 119 129 169 86 128 46 155 216 94 24 244 90 133 230 8 82 40 117 125 23 106 191 80 166 195 11 2 167 6 42 18 57 89 115 12 148 163 243 96 71 140 87 211 73 172 33 50 68 29 109 209 52 200 143 114 43 70 60 31 100
u35
66
58 181 7 85 36 112 182 101 230 190 188 220 171 143 46 56 229 191 1 200 122 94 137 88 232 126 12 108 215 242 28 73 54 206 29 240 174 53 33 125 15 165 57 100 239 92 227 170 172 83 62 30 20 187 42 39 148 89 25 222 14 202 195 179 228 218 104 4 162 129 146 189 75 166 107 203 236 80 61 105 103 194 237 86 241 169 198 142 246 9 244 2 153 16 196 214 111 66 183 224 238 154 225 150 87 110 163 117 64 151 17 22 0 38 233 55 3 199 99 141 211 159 116 197 93 201 226 24 221 50 49 145 157 102 209 161 136 45 43 131 26 152 71 144 5 84 124 173 204 67 139 160 69 217 213 47 31 128 247 132 212 60 219 98 44 135 185 248 235 167 147 134 109 13 68 140 245 106 91 65 210 205 155 223 8 234 74 37 178 78 216 72 177 77 11 138 79 40 133 35 115 59 208 70 127 156 123 249 184 21 95 164 243 176 118 114 90 121 19 27 113 96 18 34 6 52 97 186 41 63 81 23 149 175 207 51 168 130 193 119 82 32 180 231 48 158 10 192 120 76
u36
55
75 186 223 147 162 205 122 154 88 134 96 51 34 39 217 190 124 54 179 99 10 165 249 107 90 140 163 221 180 53 6 144 31 40 26 11 123 232 126 89 1 47 216 142 244 132 106 110 74 212 87 35 25 237 94 248 120 128 127 97 159 81 151 172 45 149 98 153 207 204 5 214 46 130 16 49 57 72 146 8 164 148 155 32 24 103 18 196 229 115 65 108 243 64 191 76 236 113 50 160 227 42 29 225 141 170 177 192 61 79 62 187 167 222 230 17 85 213 71 41 30 56 233 135 240 52 91 2 20 247 219 194 169 174 185 43 33 9 3 69 220 80 92 37 0 73 109 178 137 68 104 171 166 181 176 197 116 206 58 28 161 7 63 215 136 125 183 129 112 93 4 36 143 138 117 218 209 156 12 245 133 19 95 241 13 157 60 55 22 139 210 173 145 67 21 195 203 119 86 224 102 246 201 239 15 150 14 78 111 228 105 182 188 198 66 231 121 235 70 27 59 168 84 238 226 208 23 100 48 184 114 44 77 234 82 118 200 131 202 83 101 199 189 38 152 211 158 242 193 175
u37
20
225 16 238 151 186 127 76 182 135 14 31 49 91 64 119 43 232 219 190 222 221 61 161 44 113 27 158 82 4 15 197 133 210 200 41 231 245 21 143 228 179 201 152 247 163 22 146 173 191 8 93 56 199 66 52 157 84 216 6 114 68 103 12 145 188 249 39 123 241 162 140 87 142 28 85 168 153 187 175 13 35 102 150 72 164 7 240 207 130 94 165 203 26 34 204 195 95 24 184 189 171 202 230 149 112 104 79 38 208 159 96 69 98 37 33 239 88 220 205 131 25 223 5 58 3 20 243 101 214 172 226 53 23 160 54 181 57 109 156 29 192 141 51 45 183 99 89 70 176 10 73 121 218 40 32 106 124 1 194 132 81 74 177 48 55 117 147 244 125 134 242 139 235 9 107 229 2 215 211 122 209 42 100 116 108 90 217 59 86 213 174 67 50 212 46 248 144 47 246 110 166 128 233 138 196 115 78 65 97 30 206 237 154 155 118 224 136 180 62 18 71 17 234 19 178 193 75 126 80 170 227 185 36 105 11 92 120 0 129 137 167 111 77 236 83 63 60 169 148 198
u38
19
59 234 126 146 139 118 176 163 22 191 215 27 31 64 9 228 142 105 93 13 128 209 171 82 57 212 201 248 192 30 122 190 86 75 152 159 213 156 74 143 106 49 147 68 42 173 206 131 135 110 55 232 19 102 174 39 20 182 58 73 223 91 233 198 85 92 29 95 158 246 41 245 114 15 107 117 197 1 72 89 76 90 244 150 69 204 200 10 61 99 238 80 144 149 168 63 40 237 71 32 16 112 120 87 219 225 249 214 188 154 130 36 148 239 167 4 81 8 242 14 186 50 211 12 138 104 62 202 193 103 24 243 175 2 18 221 33 165 208 116 65 88 160 124 187 23 207 240 45 169 6 125 222 205 196 51 189 7 37 46 230 170 119 194 26 183 94 140 100 203 141 217 3 153 38 67 185 133 60 155 210 199 109 34 25 52 132 21 241 5 108 47 227 98 161 216 145 115 184 97 229 123 77 44 247 220 162 166 226 56 113 54 195 235 134 180 181 83 53 179 121 84 48 177 11 164 28 66 96 127 17 236 70 224 101 43 137 136 79 157 231 151 35 111 218 0 178 129 78 172
u39
30
32 73 169 111 190 185 124 144 8 178 6 114 62 99 143 105 179 216 232 48 163 104 11 235 209 208 79 180 37 121 183 33 204 242 138 59 191 160 7 117 87 137 120 139 45 44 157 145 123 39 132 13 189 14 40 76 196 215 81 119 70 154 188 109 212 135 10 224 50 98 108 148 187 147 80 203 244 116 97 58 221 200 107 69 140 197 126 5 36 229 63 130 159 65 247 103 192 52 175 125 3 41 122 56 156 100 241 142 222 205 136 67 77 31 25 92 68 115 88 17 83 146 181 219 47 86 214 49 223 199 21 53 207 129 51 27 225 162 16 211 60 172 150 246 245 84 9 35 71 233 168 226 118 234 186 90 55 149 19 228 165 152 201 34 213 227 133 202 249 193 128 57 176 0 134 237 217 155 248 20 23 1 112 167 26 93 74 164 151 131 28 15 38 29 12 54 141 18 166 113 94 243 22 171 30 174 75 127 177 42 153 218 110 24 195 184 96 238 85 194 161 78 89 220 72 82 2 198 158 95 66 182 210 236 231 43 173 106 206 102 170 240 46 239 230 101 64 91 4 61
u40
63
106 12 15 155 32 30 75 144 131 109 46 99 29 16 48 92 217 129 181 94 249 8 221 180 138 53 60 171 13 210 179 189 146 125 62 227 244 74 69 38 104 214 105 40 177 114 115 126 145 127 169 192 122 68 85 208 161 96 0 151 236 162 226 76 4 160 1 235 196 44 156 124 21 132 225 7 211 167 165 241 123 184 186 86 242 81 39 89 66 17 223 233 140 239 80 143 193 72 25 113 219 26 164 23 199 47 195 119 133 231 84 112 202 248 87 59 136 232 154 103 6 176 197 56 2 148 31 187 178 97 247 10 35 36 58 78 153 207 147 51 77 218 224 24 33 11 134 234 182 204 9 49 117 212 185 243 175 67 222 209 37 130 200 108 71 110 14 237 120 5 54 61 55 205 246 95 158 220 18 90 216 83 170 118 201 20 238 116 240 82 139 142 135 22 168 63 128 229 65 121 163 34 137 191 166 64 149 150 102 41 173 228 190 79 45 28 245 91 42 230 88 70 27 152 52 188 43 93 206 194 19 141 203 172 183 107 73 198 215 98 57 174 111 159 100 157 213 101 50 3
u41
94
243 11 156 165 137 143 185 201 196 79 41 48 69 223 153 10 67 32 103 212 151 135 191 107 114 192 71 138 218 205 178 97 85 139 202 81 238 39 86 214 207 186 42 36 152 58 123 126 166 227 30 87 27 5 183 51 83 159 150 22 216 84 194 98 169 231 160 53 209 148 132 119 239 208 140 105 146 14 199 46 195 63 124 246 113 21 210 73 176 236 33 193 90 175 170 96 4 110 72 179 136 213 77 61 43 144 25 154 94 54 56 111 147 240 34 116 130 55 104 168 242 133 78 38 197 106 68 225 172 115 3 12 65 180 226 120 44 31 9 40 167 49 47 19 15 16 59 174 23 122 233 232 66 228 245 131 249 8 141 145 64 0 18 142 109 203 117 35 92 89 173 6 155 26 121 13 129 182 101 200 188 57 74 234 244 17 219 206 102 1 230 163 217 99 241 24 134 93 171 164 70 128 2 222 157 62 158 204 91 100 29 189 75 220 112 149 215 248 50 45 108 7 127 190 161 76 95 28 198 247 162 177 211 235 184 187 80 82 118 181 52 20 237 221 60 224 229 125 37 88
u42
105
247 219 131 42 138 119 220 144 211 169 82 179 3 92 30 153 163 236 172 230 84 25 91 152 221 120 59 123 133 135 195 112 67 171 18 249 73 200 239 32 47 183 173 166 207 126 53 50 224 65 57 198 238 89 109 145 8 7 132 188 79 45 62 137 160 95 86 107 83 164 189 69 63 191 60 223 21 4 0 158 186 114 212 243 234 11 117 242 56 180 233 184 205 34 103 38 80 147 162 97 127 148 178 78 213 225 27 227 44 15 194 24 155 72 40 218 228 142 149 41 37 248 19 33 156 192 5 141 98 64 175 150 159 161 128 14 23 100 55 199 66 68 102 124 202 48 168 16 85 245 196 88 246 185 9 113 51 121 111 94 204 174 17 176 54 43 146 22 36 197 87 52 81 214 181 139 232 115 13 201 26 222 129 136 110 206 96 118 241 77 210 49 217 125 28 134 143 190 76 170 193 187 90 203 116 101 2 177 235 154 106 31 93 70 108 39 105 209 58 130 208 140 226 237 75 20 182 61 157 167 10 216 1 6 35 229 122 151 104 240 29 215 71 46 12 244 165 74 231 99
u43
77
152 249 111 204 240 113 154 189 137 107 149 84 88 36 51 208 211 237 241 160 235 77 39 172 2 22 82 115 167 129 140 176 201 226 239 44 29 198 83 0 69 181 248 125 118 1 59 25 119 200 179 66 132 139 134 7 6 8 156 93 54 68 136 90 191 73 247 30 106 110 178 21 220 18 33 199 121 50 215 148 32 207 122 150 52 28 164 62 40 94 146 74 165 15 142 245 145 205 219 147 157 159 209 212 109 155 206 238 63 57 31 11 27 70 34 13 47 124 42 218 225 173 17 98 112 55 185 228 217 85 117 141 123 24 61 242 184 89 162 151 131 213 92 53 114 71 166 210 127 130 79 223 133 9 91 43 177 197 170 5 105 175 101 97 128 116 222 234 45 236 86 180 203 229 87 243 182 244 158 153 78 10 232 120 143 37 195 38 138 67 194 174 48 56 12 230 233 96 99 193 76 16 190 23 221 35 60 49 186 196 224 81 227 41 14 104 58 183 46 171 108 95 135 64 202 231 65 72 3 161 19 100 126 4 187 169 246 80 168 103 144 75 102 216 192 26 214 20 188 163
u44
9
154 142 141 191 207 200 2 167 170 65 246 96 197 89 166 121 93 62 1 176 54 75 88 76 169 144 235 217 139 53 45 0 16 146 44 219 17 105 172 173 126 23 179 123 208 159 232 195 114 196 138 238 212 248 148 168 64 10 112 145 161 130 92 231 42 103 69 27 118 113 3 247 153 104 129 81 209 109 210 223 60 155 57 135 63 122 214 240 15 222 131 216 8 21 55 22 48 198 35 150 178 151 242 233 218 134 227 184 194 91 160 201 245 12 77 101 229 221 82 211 107 70 13 97 220 182 192 46 206 34 98 49 50 95 125 18 157 234 66 38 187 132 120 171 193 78 94 181 177 106 117 241 90 102 239 115 33 243 119 73 24 137 30 11 190 100 29 86 28 26 99 5 185 156 128 52 4 83 56 110 71 174 47 186 199 236 244 225 111 79 188 203 180 74 108 165 20 19 6 59 133 41 136 68 237 224 39 72 124 32 37 228 202 14 140 36 158 61 87 213 226 189 162 84 215 230 31 205 58 127 143 152 163 164 67 183 249 9 116 85 149 80 40 7 204 43 25 51 147 175
u45
97
128 78 151 80 14 212 66 244 220 26 177 72 108 168 91 167 204 156 200 101 171 84 203 94 114 160 148 47 186 58 201 181 182 1 25 116 238 130 51 187 35 161 64 69 63 129 223 19 214 164 227 211 245 249 2 233 248 231 206 42 205 12 77 115 5 189 17 155 11 98 234 237 202 242 147 96 174 76 179 22 44 243 70 4 232 21 121 118 240 216 213 40 60 225 109 126 247 133 146 218 135 93 24 139 13 89 145 193 196 32 236 103 165 221 117 18 83 90 185 57 104 239 106 31 46 55 36 92 56 113 88 97 3 23 215 124 73 119 95 222 152 150 28 99 65 102 173 208 39 144 224 141 27 153 159 162 246 45 172 180 229 191 112 8 37 34 67 9 100 48 138 20 105 79 157 29 136 190 125 154 120 43 0 61 122 50 184 217 53 134 188 41 132 52 140 163 210 33 194 149 219 16 142 81 195 176 137 123 166 82 86 127 30 169 143 54 38 226 85 75 7 6 87 158 71 241 62 199 228 111 10 59 209 183 207 74 49 110 230 131 15 68 198 235 192 175 107 178 197 170
u46
108
134 208 221 232 189 225 241 99 122 19 202 171 106 195 32 152 234 120 67 63 155 71 235 230 140 115 39 31 216 34 180 1 74 29 170 198 161 102 6 156 175 117 247 3 172 0 206 96 245 244 249 166 212 5 143 121 60 73 165 163 215 123 239 135 10 88 119 89 194 145 54 132 231 111 83 199 17 217 154 51 141 193 46 50 157 22 41 133 116 85 20 23 30 128 113 177 181 149 8 59 200 228 56 55 125 7 248 186 80 124 76 236 162 148 109 27 108 205 110 130 4 48 112 25 35 237 211 77 220 92 218 158 203 131 101 49 213 26 146 79 138 82 81 45 104 69 179 72 87 40 147 24 58 42 173 66 68 204 190 84 100 196 12 137 11 187 188 16 184 176 150 127 142 246 183 94 18 240 90 210 28 107 229 222 70 57 61 185 33 9 21 169 168 191 182 178 93 64 118 129 159 126 75 197 209 233 97 65 153 13 167 43 192 242 47 62 207 174 227 36 38 164 103 223 86 91 15 144 224 53 37 160 44 219 201 139 14 243 238 2 136 98 52 78 114 226 214 95 105 151
u47
123
204 249 93 101 2 130 43 20 53 140 244 77 117 102 136 33 248 75 223 172 147 149 245 64 35 181 217 222 233 180 221 56 157 240 179 164 39 133 13 81 216 66 177 155 100 138 25 115 220 229 219 22 129 207 190 96 31 178 37 67 99 230 70 63 46 58 134 192 121 144 215 239 109 23 55 231 118 103 202 113 225 153 203 161 57 191 198 176 51 15 128 89 152 7 49 169 211 14 214 151 246 170 87 159 148 16 107 27 185 205 92 141 106 234 195 162 108 212 97 45 188 163 237 228 34 62 69 112 73 59 110 8 193 83 40 18 50 74 1 142 224 94 52 17 71 104 145 4 199 166 86 3 76 196 194 158 182 146 0 242 173 111 6 232 123 42 131 125 227 82 41 29 116 12 88 114 238 197 90 186 60 175 208 189 200 10 236 206 137 150 105 243 80 54 24 156 218 26 72 65 235 124 171 210 36 95 209 119 48 167 127 120 168 184 91 19 213 126 226 11 38 61 21 78 154 68 165 84 85 47 30 143 32 9 98 5 241 174 44 28 187 183 247 79 201 122 132 135 160 139
u48
124
46 245 176 89 57 201 189 141 188 63 78 214 5 246 86 209 137 174 0 163 150 45 170 50 67 190 115 231 122 182 23 93 225 119 233 212 152 39 116 110 18 229 76 205 107 143 72 195 20 91 113 21 140 133 168 62 30 96 167 73 48 88 217 146 173 37 240 80 243 247 109 177 104 42 3 142 154 13 77 71 2 81 155 171 184 227 134 191 198 200 166 187 102 61 106 151 124 97 101 160 65 242 232 179 126 153 83 118 139 15 43 84 172 100 24 9 206 236 51 111 33 10 226 121 218 108 161 74 94 32 156 199 14 120 98 22 114 125 211 92 128 238 58 123 228 136 7 204 175 27 41 103 31 53 220 40 193 248 237 208 202 213 44 127 234 35 1 159 55 194 82 222 144 95 54 138 11 148 241 210 26 203 59 90 64 75 69 105 186 47 249 87 165 216 8 207 66 38 230 129 17 162 221 157 99 52 197 183 169 60 28 70 223 185 49 224 219 180 158 145 130 235 85 19 132 147 16 112 12 68 181 117 178 25 79 164 244 34 36 56 239 135 149 29 215 4 192 196 131 6
u49
37
137 212 201 31 209 226 21 54 239 109 97 170 206 4 189 108 229 148 218 166 78 24 6 115 127 85 242 121 173 222 3 155 87 91 156 139 16 18 131 233 237 22 117 67 42 37 142 162 207 224 112 220 80 53 171 62 215 180 140 25 120 50 175 32 227 28 57 36 76 179 92 20 69 30 124 136 241 150 178 82 93 2 1 219 161 134 79 195 141 126 61 74 243 66 249 152 193 75 101 169 81 146 208 118 184 217 49 15 48 128 205 149 158 29 60 71 196 7 230 8 167 177 73 58 174 236 216 172 244 228 231 70 119 210 232 157 38 213 163 72 68 63 90 98 51 107 13 194 17 145 26 0 143 27 168 133 234 11 12 96 188 55 46 19 103 47 221 39 160 84 192 144 197 182 86 200 123 35 211 116 106 40 89 59 203 154 5 43 248 33 10 44 113 138 122 100 153 65 202 111 110 130 125 159 246 94 14 223 225 114 23 52 187 105 198 240 235 165 183 132 147 191 214 77 95 34 186 83 245 135 104 190 9 176 88 164 151 102 238 41 129 204 64 199 45 56 185 99 181 247
a0
6 44 5 35 8 32 30 33 36 15 16 2 3 19 21 34 25 42 20 29 22 17 0 27 39 49 38 9 45 14 4 28 23 7 12 11 46 13 48 10 41 26 24 37 47 40 18 1 43 31
a1
43 36 6 0 16 27 8 47 12 38 25 2 45 10 24 29 46 48 44 18 15 35 32 33 7 5 30 21 1 37 39 4 22 40 26 3 41 49 23 42 13 14 31 11 17 28 9 34 20 19
a2
6 5 49 3 11 32 28 21 12 37 22 29 20 0 40 15 26 34 44 18 8 24 42 33 30 43 47 9 16 10 7 23 25 39 41 4 36 13 46 14 38 27 1 31 19 35 17 2 48 45
a3
34 5 48 1 16 37 31 13 33 44 45 10 14 49 26 39 36 9 29 22 3 47 32 41 46 40 8 18 4 30 6 7 20 38 11 2 17 15 42 43 27 23 24 35 21 12 25 19 28 0
a4
7 9 37 49 23 46 0 22 14 8 16 19 24 44 43 38 1 33 4 3 2 18 34 10 32 47 26 45 15 12 39 36 17 21 20 13 40 25 5 42 30 48 11 6 31 29 27 41 35 28
a5
34 24 20 31 17 8 29 18 46 27 15 1 23 40 35 9 45 5 6 49 13 44 28 4 19 36 21 7 38 32 43 37 39 0 2 42 14 25 30 22 11 10 26 47 33 16 12 41 48 3
a6
10 17 48 47 30 34 18 45 29 35 24 3 0 12 23 41 4 39 37 8 20 32 9 36 15 33 6 44 21 38 7 28 5 26 14 31 40 1 2 49 13 27 11 22 25 19 46 16 42 43
a7
45 43 44 6 33 34 8 28 38 29 25 1 35 30 42 23 37 2 21 17 10 46 41 24 15 32 18 11 4 49 5 31 0 7 22 48 36 14 19 20 9 16 12 47 3 13 40 27 26 39
a8
2 15 24 6 43 31 29 49 5 0 9 3 7 11 13 28 34 32 46 39 10 44 47 21 42 8 41 27 12 14 48 30 19 23 16 26 35 20 40 25 37 33 17 4 45 38 1 36 22 18
a9
2 6 37 0 7 23 42 41 10 14 32 43 24 40 19 28 34 44 27 46 4 16 35 21 49 18 22 1 25 31 38 36 12 13 5 9 45 20 15 47 17 29 39 30 48 11 26 3 8 33
a10
48 15 43 40 32 41 24 6 36 5 37 14 39 12 3 27 44 46 9 0 16 45 29 25 4 47 8 21 18 17 35 1 38 28 22 20 13 30 7 19 23 11 34 33 2 31 49 10 26 42
a11
20 23 49 38 39 17 34 21 8 12 46 5 22 15 29 26 28 42 13 2 48 32 7 45 33 19 30 16 44 47 27 35 6 36 4 24 40 10 3 0 11 14 37 43 41 31 25 1 9 18
a12
31 24 29 10 8 14 43 48 45 12 33 22 36 7 15 4 6 32 1 2 30 49 16 37 44 34 39 11 19 9 25 28 5 13 40 42 47 46 20 27 26 18 35 0 23 3 21 17 38 41
a13
40 29 25 2 33 13 48 23 27 44 0 16 10 47 37 17 4 7 5 39 32 1 22 49 8 31 9 26 11 28 6 21 19 46 15 41 18 14 34 38 20 30 36 45 12 3 35 42 24 43
a14
38 9 14 18 27 31 6 24 34 19 48 2 4 15 40 12 33 11 30 21 5 49 29 32 41 36 8 43 44 1 7 26 17 42 39 45 23 16 46 3 35 28 47 20 22 10 25 0 37 13
a15
45 34 6 44 14 13 3 26 31 17 28 21 11 8 35 4 7 36 40 38 18 2 19 32 0 9 42 22 37 16 23 30 12 15 1 29 39 20 10 46 47 48 43 5 33 27 41 25 24 49
a16
21 1 11 25 24 34 22 13 3 18 6 16 12 9 15 29 14 26 20 7 40 30 19 4 47 38 27 23 48 44 43 17 45 2 46 10 28 36 42 41 5 49 37 33 39 32 35 0 8 31
a17
44 3 41 20 8 37 48 17 38 35 31 15 16 12 45 9 26 22 18 24 21 49 42 36 10 1 5 14 32 29 46 2 13 0 40 33 4 23 43 6 34 7 39 30 25 28 27 47 11 19
a18
18 19 4 29 3 8 13 20 26 6 38 30 46 44 31 45 15 36 22 39 48 9 28 5 10 0 14 23 47 1 16 12 42 17 41 25 37 2 11 40 43 49 27 7 34 35 24 33 21 32
a19
42 16 33 13 5 23 39 1 6 22 48 26 44 10 32 20 21 41 18 11 29 43 7 17 14 12 9 34 3 35 4 46 27 38 28 49 0 25 2 31 40 37 19 30 24 15 45 47 36 8
a20
48 4 40 42 38 6 16 37 7 13 19 43 49 27 39 41 34 2 1 31 24 35 12 47 17 46 3 10 25 45 0 36 8 20 15 11 5 23 30 14 29 18 22 44 9 26 32 33 28 21
a21
39 17 12 30 19 41 35 18 10 49 21 43 15 29 28 37 5 7 32 31 13 36 44 2 27 4 34 42 46 48 14 23 11 8 26 24 45 40 6 47 9 33 16 22 38 25 1 20 0 3
a22
16 8 12 2 28 15 4 32 7 35 27 47 18 9 26 20 46 14 3 42 34 36 23 44 17 40 45 11 38 1 0 43 6 21 39 25 30 31 19 29 5 13 22 10 48 37 49 24 41 33
a23
48 18 3 23 24 0 8 38 42 1 16 28 35 11 17 32 4 10 39 41 19 21 29 9 49 44 7 47 13 46 26 45 31 6 12 37 30 33 36 2 40 20 43 15 14 27 5 25 22 34
a24
9 42 17 23 39 1 0 35 47 6 31 37 12 48 8 32 49 21 34 4 3 5 38 33 19 7 30 45 2 11 29 28 13 36 16 40 18 24 14 41 27 43 26 46 10 20 44 22 15 25
a25
9 22 21 41 45 42 44 34 17 24 37 35 2 36 31 3 19 16 30 20 46 4 49 33 6 27 43 32 39 28 48 47 23 12 1 7 38 26 11 8 5 29 15 14 40 13 25 10 0 18
a26
35 36 20 1 23 43 49 17 42 27 32 31 30 46 26 5 13 16 45 25 4 44 34 18 7 9 38 24 40 37 15 47 41 12 48 3 29 10 2 0 19 33 22 21 28 11 8 39 6 14
a27
23 21 30 46 19 9 22 38 14 34 31 49 6 12 1 42 10 11 37 29 5 48 47 18 0 25 16 26 20 33 28 36 15 41 27 40 32 44 3 35 13 24 4 39 45 8 17 7 43 2
a28
4 15 27 7 48 14 41 2 33 11 32 23 3 25 9 0 46 21 38 22 35 28 26 8 18 45 49 42 30 20 37 12 40 24 10 17 47 1 19 6 31 34 16 13 29 36 39 44 43 5
a29
4 37 23 49 46 7 42 20 11 14 47 6 22 33 36 12 1 26 18 45 44 30 25 34 13 17 16 32 41 0 31 15 27 2 40 35 29 48 3 19 39 43 8 10 5 28 21 38 9 24
a30
39 33 45 47 18 17 34 11 19 0 9 49 20 3 21 32 23 41 4 35 1 22 40 38 46 12 48 28 16 43 13 42 36 15 10 24 5 14 2 37 8 6 31 29 44 30 7 25 26 27
a31
49 21 28 34 24 35 6 17 32 23 10 42 22 39 18 46 33 43 3 13 2 27 47 30 5 26 36 16 31 38 45 41 1 44 15 37 0 20 4 12 29 11 48 7 8 14 25 9 19 40
a32
25 27 35 19 0 49 40 29 8 2 1 15 24 10 13 28 38 11 22 33 46 37 47 9 42 30 23 43 4 6 14 17 39 36 16 32 48 20 12 34 41 3 44 31 26 18 21 7 45 5
a33
36 20 45 8 26 15 19 32 3 5 6 49 48 37 4 17 31 14 43 9 7 21 41 35 44 42 29 16 12 11 10 28 34 13 2 24 0 18 30 1 27 25 23 39 33 46 47 40 22 38
a34
13 7 24 25 20 4 0 10 22 45 49 31 19 26 38 40 12 5 41 18 36 17 3 39 14 6 9 15 16 42 37 27 32 29 28 46 34 47 1 11 33 23 35 30 21 8 44 2 43 48
a35
46 3 16 7 4 0 1 28 44 20 18 9 26 5 23 2 37 19 49 45 13 12 14 27 33 24 35 25 15 48 41 8 17 11 38 39 21 30 34 42 47 29 32 10 43 6 31 36 40 22
a36
49 10 15 14 21 2 27 35 3 5 16 39 23 31 26 44 0 47 42 25 6 38 40 1 36 43 22 18 30 34 28 8 33 32 4 20 17 19 9 29 45 7 48 37 41 12 46 13 24 11
a37
22 47 35 0 43 28 46 13 20 37 29 4 38 23 41 42 7 30 6 12 9 24 45 26 15 31 44 34 8 32 19 1 2 3 27 18 36 10 16 39 17 49 21 14 5 25 40 48 11 33
a38
24 39 31 2 14 48 32 34 8 40 42 6 37 4 11 21 44 27 38 17 41 33 28 9 45 36 35 7 12 18 10 43 29 49 47 1 19 22 3 5 25 46 16 20 0 23 15 13 26 30
a39
10 45 16 19 31 41 14 2 46 49 13 43 36 9 8 5 48 20 35 42 7 24 25 15 3 33 27 30 47 26 11 4 23 18 37 1 32 6 12 22 34 39 17 0 40 38 21 29 44 28
a40
16 34 36 14 1 17 32 7 3 27 22 30 2 37 18 29 10 38 28 13 45 47 11 0 19 33 24 25 49 39 40 41 8 31 12 42 6 21 48 5 43 35 46 9 20 4 23 44 15 26
a41
39 5 10 19 35 42 32 4 31 21 7 47 29 18 15 3 38 6 46 48 13 34 43 11 49 40 20 8 1 44 26 0 30 33 2 22 12 45 17 24 37 27 14 9 28 16 25 41 23 36
a42
39 0 37 24 48 42 45 3 8 19 26 31 4 13 9 11 30 46 15 5 25 29 27 16 2 44 1 35 43 22 41 33 12 32 18 7 28 49 40 34 21 14 47 17 36 38 10 20 6 23
a43
37 35 3 40 24 15 32 4 13 27 8 39 5 42 12 45 29 20 47 2 33 21 0 23 49 48 25 11 43 7 9 38 34 1 6 10 36 18 19 44 16 30 46 41 26 22 17 14 28 31
a44
32 20 13 27 22 39 49 44 47 43 0 3 38 26 11 40 12 17 28 19 8 34 23 15 9 24 21 7 46 16 4 29 14 42 31 10 48 2 36 1 35 30 18 45 37 5 6 25 41 33
a45
48 38 1 3 2 37 19 39 22 15 43 8 34 30 36 31 11 12 46 9 16 17 42 4 18 10 14 7 28 45 41 21 0 24 40 25 47 5 20 44 6 27 26 33 23 13 32 35 49 29
a46
27 30 17 44 2 7 11 21 29 16 39 37 46 18 10 26 0 47 19 43 45 12 48 28 8 41 40 4 49 5 15 35 22 33 36 31 1 42 9 32 13 25 20 24 34 23 38 14 6 3
a47
35 17 44 33 19 6 41 4 32 21 49 20 18 26 45 12 25 48 3 11 24 27 30 31 16 40 43 9 10 2 22 47 29 8 13 5 7 34 28 39 1 37 14 36 23 42 38 46 0 15
a48
30 13 32 22 29 25 12 34 37 46 47 27 1 48 35 15 49 18 19 21 41 16 28 17 31 43 3 0 4 11 45 9 44 39 38 8 26 33 10 36 40 5 2 6 42 24 23 7 20 14
a49
1 49 21 30 45 44 8 25 23 40 27 31 10 38 18 43 22 20 4 26 12 16 28 33 47 7 3 37 6 41 29 34 24 36 17 32 2 35 46 42 39 48 11 14 19 13 15 0 9 5
a50
10 22 1 48 45 37 24 40 12 31 42 21 36 11 2 8 13 6 14 17 23 16 32 25 26 3 30 4 33 34 20 19 28 27 46 49 18 29 38 47 5 9 35 41 15 43 7 39 44 0
a51
9 47 2 7 10 40 43 35 12 24 41 18 45 22 20 28 44 4 8 46 23 17 11 30 14 16 39 26 34 3 49 27 37 0 29 13 15 36 6 19 32 5 42 48 38 33 25 21 31 1
a52
45 12 14 11 35 29 17 8 44 27 47 30 23 4 49 39 24 37 20 38 1 18 40 48 43 36 7 46 22 19 32 33 41 31 16 5 28 15 25 42 2 34 13 10 21 9 26 0 3 6
a53
23 26 8 41 32 18 2 3 33 29 40 10 25 24 12 9 42 46 36 48 19 49 17 16 38 39 47 34 7 4 37 14 43 1 31 28 13 44 11 6 21 22 20 5 0 27 30 35 45 15
a54
25 1 28 31 19 10 0 14 36 17 29 35 5 2 6 3 9 37 42 30 22 12 4 13 21 16 38 48 43 33 11 41 20 8 18 46 23 39 15 44 26 49 7 47 24 45 34 32 40 27
a55
31 12 5 48 11 7 18 26 25 33 19 45 24 15 1 30 38 35 43 16 44 2 47 29 32 28 49 14 36 4 21 17 20 41 13 3 42 22 27 9 39 37 34 0 8 23 10 40 6 46
a56
40 6 23 32 1 39 8 5 3 18 45 27 41 0 34 24 31 16 25 36 26 17 20 19 35 9 28 12 10 43 15 22 29 2 44 4 49 46 30 14 33 21 48 38 11 42 47 7 13 37
a57
36 31 45 7 22 47 28 44 19 46 1 16 42 24 26 35 49 20 17 9 3 8 39 4 27 14 48 23 0 11 15 38 10 2 18 43 41 5 34 37 29 25 12 6 13 40 21 30 33 32
a58
49 21 12 32 17 2 1 6 45 37 8 29 39 27 14 30 22 24 20 16 42 3 33 7 15 28 5 35 10 36 9 19 46 48 23 0 25 41 38 11 4 34 47 31 40 18 13 43 26 44
a59
35 0 17 39 38 40 34 47 21 1 8 28 41 13 43 33 18 11 32 3 25 26 45 48 31 46 27 24 9 16 12 49 10 14 44 36 2 30 6 20 19 5 4 23 22 29 42 15 7 37
a60
5 10 28 9 49 34 38 48 31 25 4 30 42 14 32 47 2 13 44 16 3 46 1 26 40 22 20 18 7 43 27 17 35 12 24 33 15 6 45 0 36 11 23 39 8 21 41 37 29 19
a61
15 22 41 30 1 9 43 46 14 20 38 2 39 23 40 35 45 48 34 16 19 3 28 29 6 4 44 7 21 25 27 42 18 32 26 24 33 49 11 37 13 17 10 0 31 47 5 12 8 36
a62
26 43 32 38 33 19 34 22 48 25 8 5 47 17 14 46 27 31 30 16 0 21 11 37 18 4 42 12 49 15 2 20 41 3 6 45 23 10 24 35 13 36 29 39 1 7 44 40 9 28
a63
10 8 22 49 13 11 9 41 1 7 6 12 34 31 25 30 15 46 28 29 18 20 14 4 33 27 23 42 16 19 43 38 36 47 0 45 3 2 35 24 17 37 5 21 26 44 39 32 48 40
a64
5 34 0 13 2 15 23 40 42 19 29 21 36 7 4 46 30 25 1 22 31 47 49 11 12 48 26 18 32 9 43 28 16 41 6 14 39 17 37 8 45 20 35 33 3 24 27 10 38 44
a65
26 42 30 47 25 27 41 2 28 45 10 3 22 8 36 24 31 12 46 11 6 44 48 5 49 18 32 1 21 43 23 14 37 17 0 16 33 20 34 4 40 15 35 9 38 7 39 19 29 13
a66
28 9 43 11 26 23 4 14 10 22 20 12 35 5 38 29 41 47 36 37 31 34 49 21 16 24 6 1 25 40 13 46 17 27 3 42 33 7 39 30 18 19 2 48 45 0 32 44 15 8
a67
45 49 21 12 33 25 28 26 24 14 27 4 5 7 2 36 6 40 16 38 23 0 13 37 18 3 42 39 41 44 46 31 32 15 47 43 8 34 17 20 35 22 48 9 30 11 29 10 1 19
a68
37 28 16 43 41 3 35 8 25 7 24 1 27 40 13 42 22 45 38 11 44 47 20 48 9 5 39 46 14 36 49 6 32 26 21 15 19 18 12 34 17 30 31 33 23 29 10 2 4 0
a69
40 12 36 17 27 16 21 41 43 49 33 24 2 44 18 1 46 35 45 14 7 5 25 3 31 30 34 6 10 38 11 32 22 15 13 48 28 8 26 29 42 0 19 4 23 9 47 39 37 20
a70
40 28 37 29 24 38 41 16 17 23 8 9 7 20 6 21 0 39 30 19 11 33 22 48 13 26 31 1 18 5 43 4 44 34 35 49 14 36 27 10 42 32 46 47 25 15 45 12 3 2
a71
17 33 16 0 24 5 42 49 4 29 20 40 18 32 6 13 25 48 14 12 47 10 41 1 43 8 19 37 9 46 30 36 22 21 23 27 38 35 28 31 39 11 2 3 7 26 34 15 45 44
a72
40 1 25 29 33 36 7 46 18 8 10 13 20 28 30 34 43 47 41 48 31 45 39 22 12 35 37 4 3 44 32 42 11 19 9 6 49 0 38 2 14 21 23 27 26 5 24 17 16 15
a73
28 22 43 9 10 39 48 44 1 2 32 40 27 15 47 11 4 46 38 26 18 7 24 6 14 35 5 23 16 31 25 8 42 34 33 12 37 30 17 45 49 0 21 20 13 19 3 36 41 29
a74
23 22 42 19 15 9 47 17 16 29 43 33 46 25 28 39 8 26 38 7 37 44 34 32 27 13 4 10 14 20 40 11 45 6 31 41 36 3 2 35 21 49 0 12 48 5 24 1 18 30
a75
45 12 49 42 24 3 17 38 7 44 0 6 22 11 34 2 9 14 13 47 20 41 31 27 16 18 43 21 15 4 35 23 48 40 37 30 26 10 28 33 39 29 19 5 25 8 32 46 1 36
a76
25 34 39 24 17 8 48 49 32 41 37 28 7 31 22 47 14 36 26 19 0 40 38 46 6 12 18 15 29 44 21 11 43 20 5 45 27 33 30 13 9 2 23 3 4 1 35 10 42 16
a77
47 19 29 32 13 49 21 22 17 28 39 11 9 1 26 41 25 10 48 24 14 35 30 6 46 7 3 45 16 2 33 18 8 40 20 15 43 37 34 0 27 36 12 4 44 23 5 38 42 31
a78
28 48 24 34 5 38 14 2 29 33 0 25 49 46 16 47 3 42 1 15 4 19 18 40 39 9 44 8 43 26 35 30 32 22 23 37 36 45 20 31 41 13 11 17 27 21 6 12 10 7
a79
39 27 47 45 12 28 9 25 1 11 15 35 5 26 30 18 0 33 8 41 19 21 22 20 23 34 3 31 48 32 17 16 44 43 37 14 46 29 4 38 36 7 13 24 2 42 10 49 40 6
a80
21 4 6 22 43 47 42 15 1 36 16 17 23 28 33 11 24 29 41 2 5 39 46 31 40 8 19 14 12 10 44 37 30 49 48 38 9 18 20 7 32 45 13 27 0 25 34 26 35 3
a81
36 38 1 42 21 3 49 29 13 6 11 10 2 44 27 43 5 46 41 33 14 22 31 40 16 9 47 25 26 39 4 23 35 37 7 17 0 28 45 32 20 8 48 30 24 15 19 18 12 34
a82
16 6 19 44 28 46 43 45 34 17 21 13 9 25 5 22 0 10 29 30 7 48 37 38 12 1 11 26 33 49 18 24 39 3 4 2 42 15 20 14 27 40 23 31 32 47 35 8 36 41
a83
17 15 2 20 19 38 37 3 18 43 40 7 33 31 42 49 27 11 10 29 4 8 14 34 30 32 46 16 47 22 41 5 12 25 6 9 23 1 44 35 26 45 21 13 48 24 28 0 39 36
a84
9 17 10 4 31 11 0 8 7 35 28 21 39 47 15 25 46 32 19 41 6 22 43 1 13 30 48 29 40 18 24 42 45 38 16 12 26 3 23 37 44 34 33 27 14 2 20 36 49 5
a85
9 34 18 20 15 47 17 33 7 31 12 16 23 21 28 2 26 48 45 24 27 35 39 29 42 38 25 6 4 11 40 49 10 13 44 30 46 41 8 43 37 0 3 32 19 5 36 22 14 1
a86
34 40 48 10 4 38 47 36 41 23 7 19 8 49 13 28 6 3 24 30 35 0 16 33 2 12 18 21 5 1 22 26 31 11 27 14 46 39 44 9 25 17 15 20 37 45 43 29 32 42
a87
21 38 3 22 25 19 45 29 32 11 40 5 20 12 43 30 24 42 28 47 49 31 41 9 0 39 26 8 48 37 36 13 1 34 44 14 2 15 18 27 10 4 16 23 6 33 35 7 46 17
a88
36 20 18 35 42 11 9 47 30 49 43 16 39 46 45 25 2 24 6 44 1 8 38 27 37 26 41 21 34 10 0 14 12 7 29 31 3 23 13 28 4 5 19 22 48 33 32 15 40 17
a89
22 3 24 12 21 47 40 29 27 1 39 11 14 45 16 30 44 37 34 4 0 42 31 9 48 10 15 41 26 13 8 20 17 32 7 49 36 19 2 6 38 28 5 18 43 25 35 33 23 46
a90
12 35 45 11 44 24 9 19 41 1 0 38 29 18 34 22 33 42 48 6 30 15 46 16 26 4 43 37 5 49 36 39 31 32 23 17 47 28 8 7 20 25 40 21 14 3 2 10 13 27
a91
35 29 20 9 48 16 11 10 43 2 49 34 38 39 13 14 3 45 25 7 32 18 4 36 44 17 8 12 47 22 19 37 33 27 24 15 31 23 5 6 1 41 28 0 30 26 42 40 46 21
a92
14 18 33 22 40 46 42 23 31 21 4 0 43 44 45 13 5 35 20 39 26 11 29 47 16 27 34 24 3 2 6 19 9 28 38 17 48 15 1 36 37 41 32 8 30 12 10 7 25 49
a93
11 9 23 13 24 10 29 33 18 22 7 35 2 15 37 6 49 40 32 5 42 28 16 26 48 44 45 36 21 8 17 38 1 14 41 25 34 47 27 39 0 43 30 12 3 46 19 20 4 31
a94
10 36 34 42 20 27 11 15 18 49 22 46 24 40 25 3 45 12 14 47 28 31 30 16 5 33 6 19 38 21 8 17 41 29 32 1 9 23 48 44 2 35 4 13 7 26 43 0 37 39
a95
28 42 49 16 9 27 18 25 40 22 37 32 48 29 38 34 3 1 4 6 39 30 21 43 24 47 2 45 15 44 12 35 0 7 20 33 8 13 36 31 10 14 11 26 46 19 23 5 41 17
a96
25 13 49 45 20 47 44 6 26 32 19 23 38 30 18 11 46 12 17 34 35 4 15 42 40 37 48 27 21 39 33 41 22 43 31 2 14 28 29 0 16 10 1 24 7 3 8 36 9 5
a97
7 38 46 34 4 25 39 33 29 36 20 1 14 13 2 12 41 17 21 19 3 18 47 0 49 44 5 8 43 35 24 42 48 32 16 30 26 27 28 6 37 45 23 9 10 40 31 11 15 22
a98
37 14 17 4 31 28 1 45 22 23 43 42 27 18 0 21 20 36 11 41 13 44 25 7 46 9 40 29 26 38 12 35 2 19 8 34 47 24 48 15 3 33 49 5 6 16 32 39 10 30
a99
35 27 30 43 12 10 33 47 45 49 20 31 18 39 17 48 36 44 38 19 28 25 32 3 46 9 13 21 15 6 14 4 11 29 1 22 16 41 8 34 2 40 42 26 0 7 24 5 23 37
a100
17 0 2 46 11 9 49 20 33 6 14 43 38 26 3 31 22 44 24 32 21 34 4 25 16 48 19 13 41 30 5 27 35 42 15 1 18 37 47 29 45 10 7 28 36 23 8 40 39 12
a101
29 7 48 1 25 22 35 21 45 30 6 34 0 28 23 4 10 33 18 31 27 13 26 32 41 8 36 42 37 5 2 19 49 11 40 3 47 14 43 24 17 9 16 20 46 15 38 39 44 12
a102
49 2 20 0 10 47 3 43 40 25 48 36 31 11 18 27 39 38 45 23 5 12 1 34 13 42 35 21 17 28 26 9 22 37 16 29 6 24 33 30 15 7 44 32 4 46 14 19 41 8
a103
41 38 14 45 29 28 15 48 37 43 35 47 21 31 11 1 36 44 13 23 3 34 27 7 20 18 49 4 22 9 39 5 46 8 16 10 40 24 17 26 33 12 2 25 19 0 30 6 42 32
a104
22 4 1 29 43 28 47 2 40 32 9 44 23 17 37 27 20 21 45 10 36 39 8 11 46 3 13 33 19 12 30 7 48 18 42 41 15 34 31 0 49 5 24 25 14 26 6 38 35 16
a105
1 6 48 41 23 27 37 12 17 19 47 26 31 34 45 2 33 35 43 11 46 24 4 18 36 28 32 20 8 13 14 25 22 3 40 49 38 5 21 15 29 9 10 0 39 44 7 42 30 16
a106
13 3 45 49 6 30 36 33 38 41 11 39 31 34 1 21 32 2 19 14 23 28 16 10 40 24 0 12 7 4 22 48 9 47 44 17 43 25 29 18 26 35 8 46 27 15 20 37 42 5
a107
30 44 25 22 46 20 49 9 33 45 48 14 19 10 17 37 40 11 47 28 24 7 5 41 29 36 6 3 0 8 43 34 31 39 27 2 18 4 26 13 32 1 35 16 23 21 38 12 42 15
a108
4 44 32 14 33 7 42 28 47 26 45 2 20 25 27 34 40 16 43 22 29 21 5 46 30 48 11 18 17 37 35 24 10 31 39 19 12 41 23 38 15 49 9 8 13 0 1 36 6 3
a109
13 3 47 41 17 27 25 46 28 24 48 35 18 7 38 15 8 14 2 33 37 34 11 49 30 21 19 6 44 36 16 42 32 1 22 45 12 40 31 43 5 9 39 29 20 0 23 10 26 4
a110
14 25 19 6 13 8 24 33 34 9 18 36 35 16 30 26 42 29 28 11 5 2 27 48 38 21 41 32 46 37 47 22 1 15 45 7 12 17 31 39 40 44 20 4 49 43 3 10 0 23
a111
15 11 46 24 42 9 45 33 22 32 29 27 38 12 35 28 47 3 4 41 31 8 26 18 21 36 39 1 14 30 20 5 34 0 23 19 37 10 43 17 6 40 49 7 48 44 16 13 25 2
a112
5 32 26 24 31 47 45 36 33 16 19 39 42 30 11 1 23 14 35 2 37 0 12 13 7 34 41 18 15 25 6 48 46 8 49 10 21 3 22 38 27 20 9 17 28 43 4 40 29 44
a113
24 6 28 22 46 10 39 45 31 33 4 0 15 29 44 47 13 14 42 19 34 40 38 9 3 7 26 17 30 12 36 25 1 35 43 11 20 23 5 18 8 32 16 27 49 2 21 41 37 48
a114
2 32 31 21 1 15 41 18 33 29 11 23 36 34 22 17 28 40 14 20 30 26 27 13 37 38 39 46 44 47 19 45 3 8 35 43 48 24 16 4 7 0 42 10 9 12 5 49 25 6
a115
11 3 30 20 7 5 28 6 14 8 46 40 48 0 16 2 44 41 4 38 42 29 12 19 36 17 18 39 10 45 27 9 35 24 31 34 32 1 23 13 37 21 33 43 25 47 26 22 15 49
a116
43 26 5 38 4 2 42 3 29 13 44 36 11 39 34 48 41 25 24 37 15 45 1 49 14 30 8 20 31 46 17 6 27 40 18 7 33 35 19 10 0 47 32 16 28 12 21 9 23 22
a117
37 26 19 36 13 17 7 38 25 4 27 6 29 8 48 44 46 21 2 28 22 33 18 23 31 34 40 15 43 32 24 42 1 47 39 16 49 3 41 45 5 35 9 10 14 30 12 0 20 11
a118
28 19 49 13 2 47 26 32 33 37 21 20 9 29 8 4 44 11 16 30 12 0 43 14 6 23 7 35 36 17 5 27 18 25 41 3 38 31 24 34 22 46 39 48 45 15 40 1 10 42
a119
45 31 14 36 23 49 40 1 9 10 5 33 18 15 42 8 37 44 43 48 38 24 34 7 2 25 0 29 46 11 12 13 20 19 6 30 16 41 3 47 28 21 22 32 17 35 26 39 4 27
a120
30 43 37 28 34 44 16 4 1 0 2 29 39 23 25 22 9 47 7 32 42 3 24 12 48 5 36 49 8 6 10 45 13 21 19 14 33 17 46 40 18 26 20 35 11 41 38 31 15 27
a121
33 27 21 28 24 12 44 49 7 4 15 0 26 42 9 38 20 46 18 10 36 1 37 25 39 11 31 32 34 48 41 22 8 19 47 5 13 45 14 6 23 29 35 2 16 3 30 17 40 43
a122
13 7 31 41 26 39 17 35 47 3 21 4 40 42 30 37 24 5 44 1 14 23 2 9 36 38 25 45 20 29 11 12 33 18 8 16 32 22 34 15 6 28 10 19 43 48 0 46 49 27
a123
2 26 45 8 46 39 1 17 15 49 43 18 33 29 7 12 28 0 35 10 9 14 40 42 21 23 22 38 37 6 24 11 36 25 20 31 34 5 19 13 32 30 4 41 27 47 44 16 48 3
a124
12 23 13 42 45 27 41 29 19 16 44 46 21 0 38 10 40 39 17 18 7 6 9 43 48 5 25 11 3 33 8 36 49 30 31 15 28 22 14 35 47 34 20 26 32 24 1 4 2 37
a125
5 37 2 7 13 39 8 41 22 3 12 36 15 10 45 46 35 1 48 17 38 19 30 9 27 32 29 33 26 11 42 20 44 34 43 23 31 21 18 16 14 4 47 24 49 28 40 25 0 6
a126
30 46 0 8 44 5 41 21 15 14 3 12 43 19 1 36 9 22 38 35 10 6 28 42 48 13 34 18 25 33 24 31 40 11 27 32 20 37 47 7 49 16 45 29 26 2 39 4 17 23
a127
41 6 44 16 5 47 46 23 42 14 28 0 19 27 17 35 1 20 22 7 3 38 33 9 8 18 2 21 29 37 13 15 26 31 30 48 39 36 24 12 32 43 49 11 34 40 25 4 45 10
a128
7 12 2 11 46 14 10 4 36 31 8 1 27 45 35 18 13 21 48 41 22 42 9 15 24 17 23 43 44 40 28 34 49 19 6 25 39 33 0 29 30 37 3 20 47 38 16 26 5 32
a129
26 9 7 36 14 2 20 33 28 15 25 35 29 1 19 4 17 21 24 16 18 3 48 30 46 42 8 45 38 22 47 32 23 12 34 43 31 40 6 5 0 27 39 41 11 13 10 37 44 49
a130
11 6 41 28 2 8 26 35 15 18 32 33 45 4 31 48 25 44 36 30 14 27 39 47 16 49 0 5 46 20 24 43 34 3 10 21 17 9 42 23 19 7 1 12 40 22 13 38 37 29
a131
34 39 38 25 33 15 29 23 17 26 31 10 0 21 24 11 35 6 7 32 14 30 42 45 36 19 47 5 2 41 4 18 16 46 3 49 20 12 43 8 1 28 22 13 40 48 9 44 37 27
a132
16 33 32 39 30 0 37 11 2 5 20 27 17 19 45 29 25 15 23 42 34 21 41 7 38 1 44 10 8 13 12 24 49 40 3 47 43 6 9 31 26 22 18 4 35 28 48 36 46 14
a133
35 17 26 16 15 5 41 22 38 7 39 25 23 45 36 9 18 29 44 11 0 14 49 27 32 24 47 31 1 37 3 20 4 10 43 6 48 28 21 46 42 12 19 33 2 13 40 34 8 30
a134
27 49 25 16 33 46 28 24 11 47 44 9 35 34 30 20 38 48 18 22 23 32 15 29 17 41 14 36 10 5 3 21 45 12 7 1 19 6 8 4 26 2 31 37 39 40 43 0 42 13
a135
8 15 28 32 2 23 4 48 14 12 21 19 42 36 40 10 47 30 17 1 3 31 22 6 9 7 20 49 27 0 29 18 5 38 13 25 16 26 37 34 39 33 45 44 46 11 35 41 43 24
a136
40 27 13 18 24 20 11 37 6 2 44 33 1 4 9 16 19 15 22 36 12 28 5 35 30 10 38 43 39 29 42 14 34 45 0 3 31 26 46 17 41 25 32 7 21 48 23 8 49 47
a137
23 22 45 43 16 8 27 40 1 26 9 24 13 30 10 7 19 2 20 6 37 29 34 21 46 39 5 44 36 33 11 48 32 18 14 4 47 17 3 0 31 41 15 28 49 35 38 25 12 42
a138
15 46 18 26 44 41 1 3 9 40 11 13 33 35 0 7 38 43 2 42 25 14 37 24 19 32 48 47 17 6 31 12 30 8 21 27 23 5 49 28 10 22 36 20 16 45 34 39 29 4
a139
6 47 37 21 17 7 14 4 33 9 23 40 24 30 27 5 12 26 29 48 31 28 46 11 44 22 10 3 38 49 39 0 15 8 36 1 42 25 43 16 20 32 35 19 2 18 34 13 45 41
a140
49 36 41 30 19 44 26 42 32 12 25 43 16 46 40 23 39 34 33 29 20 37 8 4 0 28 1 21 5 7 6 10 48 18 47 3 11 22 17 15 13 14 31 38 9 27 45 35 2 24
a141
13 9 10 42 47 46 45 30 1 8 38 20 25 17 36 28 37 23 26 35 4 19 44 21 32 34 40 11 5 6 48 27 31 29 18 41 49 33 7 22 2 39 12 14 3 43 24 16 0 15
a142
34 19 26 11 33 5 30 45 10 16 14 8 27 49 46 31 42 7 38 40 35 36 13 23 1 47 12 22 9 21 4 24 32 41 37 2 3 48 15 44 6 25 20 18 29 28 39 43 17 0
a143
15 17 11 8 10 1 39 22 0 9 20 43 24 44 32 3 37 23 29 6 4 35 27 14 12 34 40 2 33 28 16 49 26 7 19 5 13 36 18 25 47 48 46 31 21 30 41 45 42 38
a144
34 10 23 42 41 7 45 24 19 40 35 16 5 3 32 1 30 44 27 39 14 9 29 8 43 33 11 21 13 20 38 25 31 15 36 47 37 6 0 28 22 26 12 4 2 17 18 46 48 49
a145
17 30 38 25 13 42 7 22 19 32 14 35 36 16 21 37 48 31 6 9 18 39 8 29 46 24 44 15 45 34 3 0 2 12 11 41 33 20 23 5 10 4 40 47 26 28 27 49 43 1
a146
43 40 3 5 24 42 49 28 25 9 19 32 33 0 29 17 2 46 4 18 16 6 26 44 13 15 41 31 23 35 10 36 11 47 34 21 38 14 12 22 27 48 30 8 1 37 45 39 20 7
a147
9 19 14 18 12 47 10 36 26 34 15 41 46 29 1 35 0 37 22 7 43 2 45 40 11 16 49 4 23 39 6 31 21 3 48 44 28 24 32 42 13 25 27 5 38 17 8 30 20 33
a148
17 48 35 19 7 49 30 27 12 44 8 0 31 28 47 34 36 26 29 45 5 15 1 4 9 25 46 24 2 18 33 43 22 11 6 39 21 42 13 37 20 40 23 38 41 14 10 32 16 3
a149
6 27 45 7 2 35 48 1 42 12 3 28 19 8 33 37 38 13 18 41 16 22 49 29 4 24 23 30 46 5 15 17 0 40 32 34 47 43 44 36 10 9 26 25 31 39 21 11 14 20
a150
3 32 0 20 1 35 19 30 10 48 14 37 22 39 31 47 9 26 16 4 40 25 21 28 29 27 17 38 44 33 11 5 45 36 41 2 34 13 18 49 15 6 24 46 8 43 23 7 42 12
a151
49 14 10 7 28 47 2 13 42 31 33 26 44 27 25 22 48 34 19 5 4 24 8 1 36 12 18 20 21 16 41 43 23 17 6 38 40 29 3 35 15 39 11 45 9 37 32 0 30 46
a152
32 40 31 34 13 42 24 16 4 28 35 47 11 19 29 33 49 41 1 39 26 27 37 14 12 20 44 48 7 2 10 0 25 38 8 43 6 17 36 46 21 3 23 5 9 22 15 30 45 18
a153
24 5 2 18 32 33 14 16 27 21 0 34 17 28 46 4 48 3 26 36 7 11 19 9 29 44 35 1 42 6 23 25 49 15 37 45 10 22 38 43 13 8 20 40 31 39 12 41 30 47
a154
21 7 31 16 23 17 47 20 13 0 28 49 19 22 34 46 10 26 27 37 11 5 39 48 29 18 14 25 35 15 12 40 42 43 41 33 8 45 2 44 1 38 36 30 3 9 24 4 6 32
a155
48 0 4 49 30 12 46 40 37 32 33 47 17 19 13 16 43 7 28 10 8 29 1 34 39 21 11 45 35 25 44 5 3 9 38 31 2 42 14 15 36 18 22 41 26 27 6 20 24 23
a156
49 21 32 5 47 27 10 48 11 34 9 0 28 35 1 17 38 30 13 14 31 40 45 46 16 33 7 12 20 23 8 22 39 18 3 24 41 25 6 19 2 29 42 15 4 44 36 43 37 26
a157
27 17 18 26 14 21 19 35 37 7 29 47 44 22 24 1 5 45 30 49 48 0 20 43 11 3 32 9 10 28 39 23 12 31 41 25 2 36 13 38 15 46 42 33 6 40 4 8 34 16
a158
0 28 32 38 27 30 43 1 31 29 49 7 20 35 48 25 15 41 10 47 22 19 26 40 14 42 2 18 6 24 3 39 46 12 44 4 16 37 8 45 5 23 13 33 9 11 17 21 34 36
a159
44 35 24 6 26 17 49 1 38 13 42 31 22 39 27 2 5 45 12 23 4 28 16 19 43 33 41 0 11 34 29 32 48 30 7 15 20 25 46 9 21 40 3 10 47 8 36 18 14 37
a160
37 26 11 40 16 3 24 19 27 39 34 6 38 17 35 13 5 32 43 22 44 18 2 31 36 21 30 29 45 14 23 1 8 46 15 47 41 10 4 42 33 25 28 0 9 48 12 7 20 49
a161
5 18 25 16 46 8 30 26 13 41 29 0 11 42 48 3 6 15 14 39 22 23 20 36 12 21 40 10 31 45 43 34 1 44 32 24 37 38 17 33 19 28 27 47 9 7 2 35 4 49
a162
35 39 43 0 18 11 4 6 26 46 48 41 33 9 5 36 27 3 13 34 38 15 7 10 22 37 16 30 12 21 31 45 25 29 1 8 40 20 42 44 23 17 32 28 24 49 47 19 2 14
a163
35 43 22 3 48 34 23 29 13 15 45 4 44 47 38 26 37 10 33 14 27 28 41 42 1 0 7 49 20 32 11 5 39 16 6 17 40 19 8 12 30 9 18 46 2 21 24 25 36 31
a164
28 15 27 44 10 18 35 19 16 43 29 23 14 38 0 36 22 31 4 12 17 47 25 11 41 46 3 8 42 1 24 13 49 6 20 37 33 9 39 2 32 48 7 30 34 21 45 5 26 40
a165
34 18 22 44 28 38 17 11 43 42 26 10 36 35 48 7 5 9 13 45 29 20 25 32 15 16 6 27 8 37 3 46 41 24 2 21 30 33 1 12 39 4 14 47 49 40 31 19 0 23
a166
45 26 9 23 32 4 30 1 28 39 35 37 8 16 24 0 46 48 47 31 5 13 6 38 25 12 29 7 43 41 19 14 3 18 36 42 17 49 40 21 22 33 11 44 2 27 15 20 10 34
a167
1 37 7 12 32 48 42 49 23 44 28 6 14 5 38 25 40 46 26 34 15 47 21 2 11 3 33 8 9 39 24 41 27 30 19 4 35 31 22 43 20 36 45 17 10 13 16 18 0 29
a168
19 26 13 22 36 9 20 25 31 32 44 35 45 7 49 6 41 5 43 48 30 14 23 33 24 42 10 18 38 1 29 0 3 17 46 2 37 47 12 11 39 21 4 27 8 16 15 40 34 28
a169
15 16 36 27 9 49 17 45 7 30 10 0 46 23 48 19 28 37 26 18 20 42 22 4 39 8 25 13 24 2 11 41 40 34 33 31 43 12 1 35 5 32 38 47 21 44 3 6 29 14
a170
14 24 40 12 36 7 30 2 18 31 39 26 42 9 37 38 3 25 49 0 41 29 19 6 28 13 23 20 11 47 4 21 43 33 44 5 1 46 16 48 34 15 17 32 10 35 8 27 22 45
a171
18 3 24 28 23 17 40 34 41 26 4 43 16 31 9 19 13 46 20 30 42 7 38 11 48 5 33 6 22 49 32 15 29 1 8 39 27 0 14 35 12 25 45 36 44 37 10 21 2 47
a172
41 15 23 47 45 28 24 19 32 21 11 10 35 48 4 39 13 5 37 30 14 42 36 8 27 0 40 2 46 18 20 31 44 16 29 26 3 38 34 25 1 17 33 12 7 49 6 9 22 43
a173
14 30 12 4 24 23 21 11 16 43 18 34 8 44 6 31 15 38 47 3 39 42 22 13 32 27 36 41 49 45 33 35 0 5 48 29 37 17 1 26 28 2 9 20 19 40 10 46 7 25
a174
12 1 27 30 32 6 5 36 10 47 46 15 39 23 4 45 48 21 0 44 9 11 34 41 31 37 49 14 33 29 25 7 42 19 35 26 24 20 22 3 43 18 38 2 8 17 16 28 13 40
a175
40 42 33 36 39 19 16 6 28 1 0 21 23 14 3 46 8 5 20 10 24 18 2 13 41 31 43 30 49 34 17 29 47 11 4 45 35 15 38 27 25 22 32 26 9 7 12 37 48 44
a176
41 38 22 34 1 23 43 28 26 9 25 48 46 14 15 24 19 40 39 32 4 29 44 5 13 35 36 12 8 17 3 18 45 10 11 49 30 37 31 47 20 0 16 27 21 42 7 2 33 6
a177
34 7 4 19 12 25 38 8 10 6 21 29 41 49 39 35 17 0 24 3 27 16 47 33 40 46 31 11 36 45 22 18 42 28 30 9 1 15 37 44 23 48 20 2 13 26 32 5 14 43
a178
12 32 14 42 28 43 40 6 4 27 8 9 41 44 45 1 38 23 24 5 21 31 19 22 48 36 17 46 11 29 26 2 33 18 34 13 25 15 20 39 3 10 35 49 30 7 47 37 0 16
a179
26 22 33 10 39 37 46 45 34 21 13 2 35 19 16 7 1 3 18 41 40 9 29 36 0 43 30 28 49 48 47 31 14 25 44 42 27 5 20 32 17 12 15 6 24 8 38 4 23 11
a180
32 5 13 7 6 45 47 11 44 10 24 4 14 17 3 33 1 34 48 25 38 18 43 22 15 37 16 31 46 20 29 8 12 40 28 19 23 26 27 30 9 49 21 39 2 35 0 36 41 42
a181
26 32 34 13 35 41 12 23 33 9 18 5 27 21 47 1 11 22 49 44 46 42 36 10 2 30 14 0 8 38 39 48 3 20 15 29 25 4 17 37 7 16 45 6 43 40 31 19 24 28
a182
0 47 7 15 16 3 39 25 43 10 8 37 40 35 34 49 22 27 46 5 42 19 45 28 4 30 12 29 36 20 24 21 18 17 14 33 31 38 1 9 2 32 44 11 41 26 48 13 23 6
a183
36 41 47 0 17 7 25 1 27 11 20 38 22 30 31 19 40 10 34 12 33 48 37 39 18 46 44 6 3 43 42 49 13 26 15 23 28 29 16 2 21 8 4 5 9 24 32 45 14 35
a184
34 4 18 35 0 3 49 12 31 39 22 10 40 13 16 14 48 6 1 15 46 26 44 19 11 30 29 28 2 9 23 32 43 33 7 27 21 37 5 24 42 38 45 17 47 41 20 8 25 36
a185
1 24 10 7 2 21 32 34 42 44 11 0 22 20 15 16 12 17 35 47 9 45 49 5 33 4 46 37 48 41 36 40 28 38 31 26 25 6 13 8 30 29 14 23 39 43 27 3 18 19
a186
26 41 2 44 42 29 16 4 34 40 48 20 25 19 6 24 38 14 21 32 23 13 15 49 39 3 47 43 17 45 1 28 5 12 9 33 22 11 0 27 35 7 36 30 31 46 37 8 18 10
a187
49 6 17 2 27 42 38 21 16 45 32 36 0 44 39 46 31 10 41 11 5 48 37 20 15 28 9 18 29 22 12 47 24 40 43 34 23 33 25 19 26 30 7 14 13 1 35 3 8 4
a188
12 38 3 42 15 47 29 43 8 6 27 46 11 17 0 7 36 28 24 34 25 20 14 45 37 23 49 18 16 2 44 21 13 40 26 10 35 9 32 33 48 5 31 39 4 22 41 30 1 19
a189
23 22 19 36 33 3 40 21 20 0 39 37 18 10 7 31 24 47 6 43 30 49 2 25 8 9 11 44 16 13 5 15 17 34 41 48 32 35 38 26 27 28 1 4 46 45 14 12 42 29
a190
37 32 33 6 28 11 38 34 12 23 18 47 29 39 15 17 45 20 14 10 26 13 24 35 9 27 25 44 36 22 4 21 48 2 43 41 16 8 19 5 42 7 46 30 1 3 40 31 49 0
a191
42 34 31 49 24 36 18 43 21 35 25 0 26 45 23 33 29 27 17 39 28 37 16 5 8 1 13 2 22 30 48 41 15 46 47 12 19 38 11 32 14 7 6 3 44 40 9 20 10 4
a192
10 49 38 11 35 40 19 7 14 29 8 33 43 5 39 21 30 37 36 20 12 26 6 13 23 17 44 46 18 9 48 25 31 24 27 4 0 1 3 22 15 45 41 28 34 32 2 42 47 16
a193
19 44 46 17 1 40 11 49 33 4 39 7 8 23 3 48 30 9 45 13 32 27 22 15 29 18 2 12 28 5 10 37 6 16 14 38 20 36 41 0 34 24 25 35 47 43 26 42 31 21
a194
35 21 10 48 34 9 16 40 31 29 1 20 49 38 30 36 8 43 41 39 45 15 28 44 12 17 18 19 11 37 33 5 24 25 13 23 32 47 14 0 26 4 22 42 46 7 2 6 3 27
a195
23 33 44 45 22 41 21 29 37 28 36 38 43 20 5 32 46 17 34 11 3 15 8 27 39 24 30 31 16 42 2 12 14 4 1 9 25 13 10 19 26 6 49 40 7 48 0 18 47 35
a196
37 27 29 41 19 38 28 36 31 9 30 35 0 34 1 49 12 7 14 42 40 13 18 44 8 32 23 25 46 33 17 5 48 15 39 10 6 16 26 21 43 47 2 22 3 24 20 45 4 11
a197
33 35 42 29 41 25 36 7 13 32 20 23 22 48 44 15 11 9 19 40 37 8 3 28 18 34 43 6 31 38 10 47 45 1 46 21 49 17 14 0 27 16 26 4 2 12 39 5 24 30
a198
22 45 29 27 13 41 24 15 6 8 37 47 28 3 11 42 9 10 20 46 26 5 23 16 21 7 25 4 43 36 44 49 38 35 2 17 30 33 1 0 34 39 12 19 18 40 31 14 48 32
a199
19 10 31 32 24 6 28 27 47 9 22 5 26 2 38 42 0 35 39 41 16 48 3 34 14 23 1 36 46 4 8 17 7 21 25 30 45 12 15 33 11 40 37 20 13 29 18 49 44 43
a200
1 48 13 23 47 10 0 34 26 22 3 29 35 41 9 27 30 7 39 16 4 33 17 32 5 11 31 8 40 37 19 2 21 14 18 24 42 20 12 36 44 28 43 6 46 25 38 45 15 49
a201
11 24 44 13 0 5 6 18 8 3 30 34 16 35 49 32 47 43 21 1 38 10 20 27 41 45 37 7 14 15 48 33 23 19 39 22 12 4 31 40 26 25 9 17 42 46 29 36 2 28
a202
49 39 31 2 47 1 7 6 25 38 16 15 34 23 44 45 4 37 11 8 32 35 20 9 12 40 26 33 5 28 14 18 36 24 42 48 22 30 13 46 27 19 21 43 29 41 3 17 10 0
a203
19 21 37 17 10 39 7 9 13 44 8 49 32 47 29 5 23 16 25 12 28 11 30 33 31 24 1 43 36 27 41 26 38 20 3 14 18 48 6 4 40 35 45 2 0 15 46 34 42 22
a204
34 24 37 47 44 9 48 15 21 12 14 22 26 28 30 45 19 2 18 35 1 25 39 0 42 20 38 5 10 43 49 17 31 13 33 3 29 7 27 16 36 32 8 6 11 41 23 4 46 40
a205
34 46 1 27 28 22 47 23 17 35 26 16 24 29 4 42 6 10 45 11 25 2 14 12 32 48 39 33 30 49 43 38 19 15 3 18 44 36 13 0 5 20 7 8 37 40 41 9 21 31
a206
18 34 49 0 14 31 15 46 19 13 4 43 24 8 41 2 48 12 33 6 39 7 11 30 42 23 38 10 3 40 32 47 17 5 16 36 45 28 25 1 26 35 9 20 22 29 44 27 21 37
a207
21 3 37 40 2 14 10 31 19 45 46 16 4 12 44 33 6 5 39 49 27 38 43 32 13 17 22 42 26 15 18 30 48 8 1 0 20 24 7 11 34 28 41 25 29 36 23 47 35 9
a208
8 13 23 40 18 36 34 42 17 37 7 39 38 21 12 16 41 45 14 32 47 11 19 29 4 24 9 43 5 28 2 6 20 25 0 26 3 49 44 22 35 33 1 27 15 31 10 30 48 46
a209
13 8 22 31 4 3 12 23 41 37 27 2 19 0 1 7 17 21 46 15 48 18 20 44 38 9 14 10 5 24 47 34 30 49 35 36 29 28 39 40 25 26 16 11 33 32 43 42 45 6
a210
26 27 38 5 23 0 46 32 37 4 34 44 33 14 9 49 48 28 24 21 17 20 42 11 45 12 31 35 30 29 13 10 41 25 6 43 22 15 18 19 36 2 16 39 7 47 40 3 8 1
a211
15 37 31 41 25 28 16 11 34 6 5 36 46 0 10 29 2 1 49 21 27 17 9 20 38 30 22 33 14 18 32 3 35 48 12 43 13 24 45 8 42 4 47 44 23 39 40 7 26 19
a212
28 19 13 37 0 17 4 21 22 2 30 42 48 46 36 6 24 40 41 29 27 16 34 5 45 32 1 26 18 8 12 47 23 33 35 9 38 25 39 43 7 31 11 3 10 44 14 20 15 49
a213
5 1 26 35 49 42 46 31 33 2 6 39 44 7 28 22 15 18 4 47 32 41 0 14 11 17 12 43 38 48 21 25 29 23 13 3 40 9 24 36 30 34 20 37 10 19 8 27 16 45
a214
37 5 29 36 25 2 32 24 38 23 42 44 13 1 40 17 4 43 10 15 27 19 16 6 48 30 34 9 35 7 26 39 8 21 18 47 22 20 28 31 11 0 3 12 49 46 45 41 14 33
a215
39 4 5 40 1 46 41 38 43 30 23 35 45 26 15 16 12 18 8 29 3 19 24 17 32 9 25 27 22 34 36 13 37 44 28 21 11 0 49 14 47 31 10 7 2 48 33 42 20 6
a216
8 11 41 48 25 46 39 0 13 38 45 22 34 7 28 23 24 27 32 17 1 26 40 37 5 10 14 47 21 3 12 29 2 16 30 36 19 42 18 44 31 6 49 20 43 35 9 15 33 4
a217
23 37 44 49 33 7 0 15 25 46 43 28 18 9 47 10 13 1 41 16 4 6 11 31 22 27 17 34 30 21 35 45 39 14 19 2 3 24 8 38 5 32 20 48 26 29 12 40 42 36
a218
22 5 24 47 44 34 25 46 20 0 23 9 30 6 1 32 13 28 16 14 45 38 26 11 10 17 39 18 42 41 40 2 29 21 49 4 27 31 15 3 33 8 43 12 37 7 19 35 48 36
a219
17 39 0 20 30 11 27 13 15 40 23 21 48 24 9 7 46 32 35 28 38 43 18 8 10 2 44 4 36 45 33 12 1 6 29 42 14 16 41 34 31 47 26 5 25 3 49 19 37 22
a220
40 2 25 14 4 46 13 44 48 31 28 34 19 21 1 42 41 43 39 18 15 12 24 27 8 22 49 45 35 37 7 0 17 3 38 10 20 9 32 47 33 16 30 6 11 23 5 26 36 29
a221
14 21 10 38 9 0 49 24 7 2 25 42 28 37 26 46 44 4 27 6 29 17 22 23 33 45 19 47 5 3 11 39 8 31 20 16 43 15 41 30 34 48 35 1 36 40 18 12 13 32
a222
13 5 28 38 12 2 15 29 26 20 48 31 16 17 44 35 47 41 10 0 33 19 23 36 3 6 40 32 11 1 18 22 45 25 8 7 43 14 46 24 21 39 30 9 27 4 42 37 34 49
a223
37 29 20 2 18 21 14 22 41 42 17 32 12 25 13 33 7 27 4 23 35 46 47 48 38 15 34 36 28 10 9 45 40 3 8 1 19 11 49 5 6 30 44 16 43 31 24 0 26 39
a224
3 4 37 23 5 22 47 39 25 41 40 19 13 26 17 0 10 11 16 46 35 44 21 1 27 30 36 7 15 42 14 9 49 28 43 38 34 48 8 33 29 31 2 45 18 20 12 24 6 32
a225
45 12 11 25 48 6 15 5 34 23 13 21 2 39 40 36 49 10 27 14 9 44 38 20 18 8 35 37 19 17 3 46 29 1 30 0 43 22 47 32 31 41 7 28 4 42 24 16 26 33
a226
12 31 34 43 2 14 10 0 37 39 7 44 30 28 32 9 45 6 11 41 40 46 16 15 25 18 8 33 42 38 3 24 1 48 35 4 27 29 17 22 19 23 36 21 13 47 26 5 49 20
a227
47 2 1 42 43 3 18 11 25 30 5 41 33 39 6 13 40 19 10 36 31 49 38 34 12 46 4 29 16 26 14 35 15 23 8 20 7 17 28 21 44 0 24 22 37 48 9 27 32 45
a228
2 8 13 35 48 40 9 31 22 33 37 21 45 5 34 19 23 25 6 46 36 41 0 18 3 47 16 42 20 15 28 24 49 7 39 10 38 17 4 12 32 26 14 43 1 30 29 44 27 11
a229
22 24 38 17 11 35 40 1 28 48 0 12 25 5 26 37 2 39 31 23 46 42 33 29 4 30 6 10 15 7 16 32 27 44 36 41 49 20 9 43 47 45 21 8 3 13 18 34 19 14
a230
38 20 42 4 30 3 18 26 34 2 48 19 45 29 25 35 1 7 40 32 43 9 10 12 46 15 5 11 0 37 16 41 36 22 39 8 13 17 6 27 23 47 24 28 14 31 33 21 49 44
a231
48 47 11 49 30 33 8 26 28 22 36 13 44 34 23 42 20 18 19 45 4 15 46 24 35 17 31 16 29 38 43 1 32 40 21 12 3 9 14 25 37 5 27 2 41 0 39 10 7 6
a232
4 8 24 26 43 36 37 35 44 47 25 10 15 5 42 3 40 45 30 29 12 18 33 1 46 9 34 7 39 32 48 11 6 19 23 28 14 49 38 20 22 2 31 16 41 13 27 21 0 17
a233
25 45 30 27 11 4 47 21 38 46 31 29 26 24 12 22 6 32 34 5 3 14 7 10 13 28 35 2 15 42 8 33 20 17 19 39 0 49 18 16 40 1 37 44 41 48 43 36 23 9
a234
44 5 22 27 40 21 36 39 11 16 49 18 4 28 1 23 38 42 12 20 9 13 43 26 17 46 33 32 48 41 7 10 3 47 45 14 2 24 37 30 0 19 8 31 15 35 29 34 6 25
a235
2 17 22 45 19 40 21 9 26 30 39 38 32 31 36 44 1 4 15 37 6 41 23 49 16 24 18 35 25 10 28 47 5 8 11 20 12 13 48 14 3 27 0 33 7 29 46 43 34 42
a236
8 32 13 35 3 9 27 6 22 7 26 25 23 19 20 41 4 16 33 38 2 29 39 30 15 36 44 34 28 37 42 1 49 43 14 21 10 5 31 47 48 11 18 45 12 46 17 24 40 0
a237
39 24 28 0 35 42 26 25 5 44 10 43 9 14 22 31 1 41 20 30 38 12 13 17 15 19 8 29 11 3 16 33 48 32 36 6 37 47 4 23 7 2 46 27 18 40 34 45 49 21
a238
10 12 4 19 35 29 6 18 23 39 32 48 41 7 33 3 45 16 47 31 27 21 24 42 2 13 36 20 46 8 22 9 38 34 14 40 26 43 44 25 11 1 37 17 15 30 28 49 0 5
a239
31 0 9 37 5 43 42 4 21 47 45 27 40 26 36 39 1 49 23 11 25 34 35 38 10 12 33 17 48 8 14 29 24 7 41 15 28 30 46 3 18 6 13 22 32 2 44 20 19 16
a240
23 1 33 32 39 19 4 24 26 12 49 9 36 31 43 14 45 48 0 6 18 2 7 20 46 28 11 15 41 17 37 29 10 38 8 3 30 13 34 22 44 47 16 21 25 40 5 27 42 35
a241
30 0 32 47 3 16 18 46 14 4 29 35 37 25 1 40 31 49 34 19 27 21 44 9 10 17 24 42 8 39 13 28 23 41 15 20 12 48 36 11 43 7 45 5 6 22 38 33 2 26
a242
0 18 43 44 30 4 42 3 33 41 1 11 34 5 48 29 45 25 40 16 24 14 20 8 12 28 35 32 37 13 38 6 27 22 23 39 15 17 36 47 7 46 26 10 2 9 49 21 19 31
a243
49 39 9 3 4 33 21 12 42 29 19 25 17 6 47 44 8 15 16 31 0 34 2 32 1 10 38 48 41 23 45 14 7 22 40 28 5 35 26 36 37 30 18 24 20 11 13 46 43 27
a244
2 33 43 32 34 10 5 3 8 37 40 0 14 42 6 22 25 24 4 19 21 45 27 15 48 28 12 30 26 17 41 18 1 49 16 9 23 46 31 44 39 20 13 47 11 7 38 29 36 35
a245
38 11 14 9 29 27 3 5 19 28 49 4 36 21 0 7 45 10 43 16 13 42 6 24 12 23 15 25 26 30 32 39 40 2 48 33 35 44 20 37 17 1 47 18 34 8 22 31 46 41
a246
38 1 40 49 16 17 36 13 43 7 8 11 15 19 37 41 3 10 27 6 21 44 31 35 48 23 5 22 18 24 45 29 0 39 28 42 33 9 25 4 26 14 46 20 2 34 47 30 32 12
a247
47 40 1 35 45 22 21 42 16 7 31 3 39 0 49 43 6 29 41 37 46 33 10 11 12 15 18 4 14 38 48 2 20 23 36 13 44 19 25 24 30 5 9 32 17 34 8 28 27 26
a248
24 11 45 0 22 31 48 19 23 35 36 10 44 25 3 30 43 12 5 17 18 42 41 14 16 8 13 46 32 15 21 40 1 37 29 7 9 39 34 28 47 20 33 27 2 26 4 38 49 6
a249
23 45 4 30 16 26 46 32 1 48 6 0 13 21 5 43 40 27 3 36 25 9 8 12 49 41 17 42 22 28 15 20 11 29 35 2 31 39 18 10 19 47 37 7 34 33 24 14 44 38
