8
40
u0
6
39 36 24 11 34 20 26 18 3 33 9 15 17 38 22 10 21 19 29 31 4 12 30 23 14 6 8 16 5 1 32 28 25 0 7 35 27 2 37 13
u1
5
26 33 25 28 5 19 21 15 31 18 17 23 1 2 4 16 14 20 27 22 11 0 7 13 30 6 10 32 37 3 29 35 39 9 38 12 34 24 8 36
u2
16
10 31 19 11 37 22 6 26 20 3 23 27 18 8 2 17 25 13 4 12 35 38 0 15 29 21 36 24 28 1 32 16 14 9 7 34 33 30 39 5
u3
13
30 27 29 11 5 20 38 7 14 26 1 17 33 28 31 19 16 21 0 10 9 18 39 6 4 12 2 13 24 22 35 8 37 23 15 3 32 36 25 34
u4
19
36 9 35 4 24 5 8 37 3 18 19 2 17 27 31 1 20 0 11 38 13 30 29 16 39 23 10 15 12 7 22 25 6 26 21 28 34 32 33 14
u5
11
30 15 16 25 3 29 24 12 31 11 19 17 33 34 18 38 39 35 1 20 9 32 21 36 10 4 2 22 37 5 26 14 23 27 6 7 8 0 13 28
u6
19
19 38 28 12 1 3 7 34 29 13 14 21 20 0 39 25 30 6 10 15 22 36 16 18 24 2 31 33 32 23 8 4 37 35 17 27 9 11 5 26
u7
14
28 15 21 37 38 2 5 19 34 35 1 3 26 32 23 14 36 39 4 24 27 11 20 13 33 12 25 0 8 10 22 31 6 29 9 17 7 18 30 16
a0
3 6 1 7 2 5 0 4
a1
5 0 1 2 3 7 4 6
a2
0 3 2 1 4 7 6 5
a3
0 2 7 3 6 1 5 4
a4
6 5 1 3 7 4 0 2
a5
0 5 1 3 4 6 7 2
a6
5 3 6 1 7 2 0 4
a7
0 6 7 2 5 4 1 3
a8
1 3 7 4 6 0 5 2
a9
1 3 7 5 6 4 0 2
a10
2 3 7 1 0 5 4 6
a11
7 2 0 6 4 1 3 5
a12
0 7 5 1 4 6 3 2
a13
4 6 2 0 1 3 7 5
a14
4 3 5 6 0 2 7 1
a15
4 5 2 3 0 7 1 6
a16
4 7 3 0 5 2 6 1
a17
3 0 2 4 1 6 7 5
a18
1 4 2 5 7 0 6 3
a19
6 3 4 7 2 1 0 5
a20
3 7 1 2 6 5 4 0
a21
4 0 2 3 6 1 7 5
a22
6 7 5 2 0 4 3 1
a23
7 4 3 0 2 6 5 1
a24
0 2 7 5 6 4 1 3
a25
1 0 4 7 5 3 6 2
a26
5 7 6 1 2 3 0 4
a27
2 1 0 3 6 7 5 4
a28
7 0 1 3 5 4 6 2
a29
4 2 3 6 7 1 0 5
a30
7 4 3 6 2 0 5 1
a31
3 0 7 5 2 4 1 6
a32
5 0 4 1 2 3 7 6
a33
0 1 7 2 3 6 5 4
a34
6 7 1 4 2 5 3 0
a35
0 3 2 5 6 4 1 7
a36
6 7 1 0 3 5 2 4
a37
6 5 4 7 2 0 1 3
a38
3 6 5 2 0 4 1 7
a39
3 7 0 1 5 2 4 6
